#o/p  it       t_pb[ms]       level        ejecta_mass[M]
#94  279000  123.31034483472231  6     0.005299392098508881
#  ye_bin          ye_bin_mass           ye_bin_mass/total_mass
0.0  0.02       0.0      0.0
0.02  0.04       0.0      0.0
0.04  0.06       0.0      0.0
0.06  0.08       0.0      0.0
0.08  0.1       2.2987452747865774e-05      0.0043377527687249035
0.1  0.12       0.00022960294181134585      0.04332627923039522
0.12  0.14       0.00030298631099186094      0.0571737862305214
0.14  0.16       0.00036730336868928427      0.0693104721940908
0.16  0.18       0.0008414131357681584      0.15877540671219845
0.18  0.2       0.0008369825234385606      0.15793934622691289
0.2  0.22       0.0005189600277483439      0.09792821857706407
0.22  0.24       0.000297110285713761      0.05606497503692179
0.24  0.26       0.00022030495497877203      0.041571740849438266
0.26  0.28       0.00015728265152864965      0.029679376163334874
0.28  0.3       0.00011773068900595173      0.022215885674713193
0.3  0.32       9.693428337624397e-05      0.01829158544496432
0.32  0.34       8.843115723915333e-05      0.01668703798385398
0.34  0.36       8.670496835527517e-05      0.016361304606932525
0.36  0.38       9.181575553914794e-05      0.017325714691876198
0.38  0.4       0.00012717297198151792      0.02399765286612804
0.4  0.42       0.00015230499205964399      0.028740087396533442
0.42  0.44       0.0001637918202330239      0.03090766208431924
0.44  0.46       0.0002026349111798831      0.03823738787641315
0.46  0.48       0.00033932197458679214      0.0640303582522737
0.48  0.5       3.7520736693830145e-05      0.007080196369011375
0.5  0.52       9.418484181450971e-08      1.777276337808841e-05
0.52  0.54       0.0      0.0
0.54  0.56       0.0      0.0
