#o/p  it       t_pb[ms]       level        ejecta_mass[M]
#34  130000  49.911330052124804  6     0.00014606496492578552
#  ye_bin          ye_bin_mass           ye_bin_mass/total_mass
0.0  0.02       0.0      0.0
0.02  0.04       0.0      0.0
0.04  0.06       0.0      0.0
0.06  0.08       0.0      0.0
0.08  0.1       4.137213839513474e-07      0.0028324477684402694
0.1  0.12       0.00010486063295765982      0.7179040710476924
0.12  0.14       2.8683264670745318e-05      0.19637333761261
0.14  0.16       3.226317768358786e-06      0.022088238408149777
0.16  0.18       1.6203724112764597e-06      0.011093504948977727
0.18  0.2       1.1201010560812467e-06      0.007668512819965838
0.2  0.22       9.805199462081947e-07      0.006712903033977992
0.22  0.24       8.479749878112794e-07      0.00580546463172828
0.24  0.26       7.581395458100921e-07      0.005190427055490664
0.26  0.28       7.662321888394283e-07      0.005245831464299088
0.28  0.3       7.867425736699706e-07      0.005386251070335097
0.3  0.32       7.463218380221454e-07      0.005109519852357106
0.32  0.34       3.944364899205283e-07      0.0027004182017291993
0.34  0.36       1.6978223672420704e-07      0.0011623748159626923
0.36  0.38       1.2318031167746784e-07      0.0008433255143699573
0.38  0.4       1.1168124971925523e-07      0.0007645998462122633
0.4  0.42       1.3709859229000386e-07      0.000938613803519979
0.42  0.44       2.5779457214031804e-07      0.0017649309146194057
0.44  0.46       6.065014487969086e-08      0.0004152271895625808
0.46  0.48       0.0      0.0
0.48  0.5       0.0      0.0
0.5  0.52       0.0      0.0
0.52  0.54       0.0      0.0
0.54  0.56       0.0      0.0
