#o/p  it       t_pb[ms]       level        ejecta_mass[M]
#82  263000  115.42857143524876  6     0.004897424755082199
#  ye_bin          ye_bin_mass           ye_bin_mass/total_mass
0.0  0.02       0.0      0.0
0.02  0.04       0.0      0.0
0.04  0.06       0.0      0.0
0.06  0.08       0.0      0.0
0.08  0.1       7.827269845314158e-05      0.015982419816029995
0.1  0.12       0.00022454595513116338      0.04584980195931455
0.12  0.14       0.0003222581723676281      0.0658015566310052
0.14  0.16       0.0004992307283221288      0.10193739634367278
0.16  0.18       0.0007445620371830124      0.15203133777815755
0.18  0.2       0.0006095513077556559      0.12446363920611682
0.2  0.22       0.00039888062192809605      0.08144701386461653
0.22  0.24       0.00026415901213424107      0.05393835032587599
0.24  0.26       0.0002028396317824653      0.04141761066813181
0.26  0.28       0.00017371203152435113      0.0354700766651055
0.28  0.3       0.00015151947774397608      0.03093860249445179
0.3  0.32       0.00012361330778214752      0.02524047105652219
0.32  0.34       0.00010999063729621056      0.02245887232510721
0.34  0.36       0.0001122439790992494      0.022918979813374485
0.36  0.38       0.00011379713026159355      0.02323611611255548
0.38  0.4       0.0001326124914059537      0.027078004877632456
0.4  0.42       0.00014998664555666475      0.030625615105371304
0.42  0.44       0.0001474463332202267      0.030106911406289065
0.44  0.46       0.00016713303703167233      0.03412671871236685
0.46  0.48       0.00016771932149587583      0.03424643151930586
0.48  0.5       3.350197606740731e-06      0.0006840733189956893
0.5  0.52       0.0      0.0
0.52  0.54       0.0      0.0
0.54  0.56       0.0      0.0
