#o/p  it       t_pb[ms]       level        ejecta_mass[M]
#28  386000  176.01970444370173  5     0.007532992616059112
#  ye_bin          ye_bin_mass           ye_bin_mass/total_mass
0.0  0.02       0.0      0.0
0.02  0.04       0.0      0.0
0.04  0.06       0.0      0.0
0.06  0.08       0.0      0.0
0.08  0.1       0.0      0.0
0.1  0.12       1.1378458596720852e-06      0.0001510483174039469
0.12  0.14       3.717085607327809e-05      0.004934407607679833
0.14  0.16       0.00022906179223402927      0.030407807880457344
0.16  0.18       0.0007833693344317377      0.10399178312769378
0.18  0.2       0.0011891475664303403      0.15785858649260742
0.2  0.22       0.0010665806425026565      0.14158790494880885
0.22  0.24       0.0007017437853558597      0.0931560431719867
0.24  0.26       0.0006331395581357733      0.08404887544772352
0.26  0.28       0.0004949750118477215      0.06570761941177475
0.28  0.3       0.0003268056629923302      0.043383244833618155
0.3  0.32       0.0002596256081281265      0.03446513508783309
0.32  0.34       0.00022566878171314966      0.02995738788221571
0.34  0.36       0.00020752931199020578      0.02754938476214448
0.36  0.38       0.0001823519762817939      0.024207109388777206
0.38  0.4       0.0001711258150020404      0.022716843587132697
0.4  0.42       0.0001728399112435064      0.022944388777846388
0.42  0.44       0.00016488059158266605      0.02188779413259579
0.44  0.46       0.00015482430081088883      0.020552827900140066
0.46  0.48       0.00018246009812994193      0.024221462495657667
0.48  0.5       0.0003484929439826863      0.046262217653015636
0.5  0.52       6.122133064138956e-08      8.127092878184383e-06
0.52  0.54       0.0      0.0
0.54  0.56       0.0      0.0
