#o/p  it       t_pb[ms]       level        ejecta_mass[M]
#71  245000  106.561576360841  6     0.004173015640720473
#  ye_bin          ye_bin_mass           ye_bin_mass/total_mass
0.0  0.02       0.0      0.0
0.02  0.04       0.0      0.0
0.04  0.06       0.0      0.0
0.06  0.08       4.41724520614251e-06      0.0010585259166150335
0.08  0.1       4.471907692252105e-05      0.010716249535743481
0.1  0.12       0.00023606722796959637      0.05656993605919945
0.12  0.14       0.0004151433096974813      0.09948280702485138
0.14  0.16       0.0004950502557000771      0.11863129648241781
0.16  0.18       0.000552773107331787      0.1324637036913551
0.18  0.2       0.0005123735605758662      0.12278256414284724
0.2  0.22       0.0003104234194185123      0.07438827125146302
0.22  0.24       0.00022063129551438485      0.052870948616021186
0.24  0.26       0.00019202193989168524      0.04601514981586136
0.26  0.28       0.00019374009464982316      0.04642687958302832
0.28  0.3       0.0001682594711163962      0.040320834044932106
0.3  0.32       0.0001217568322936465      0.029177180910979077
0.32  0.34       9.180164451715942e-05      0.02199887381713955
0.34  0.36       7.744849595751049e-05      0.01855935913629573
0.36  0.38       8.692390118500221e-05      0.020829996498645944
0.38  0.4       0.00010032982450689263      0.024042522996527912
0.4  0.42       0.00011563071920089432      0.027709150685313662
0.42  0.44       9.649818283424138e-05      0.023124328098032467
0.44  0.46       8.658971534210156e-05      0.02074991392247737
0.46  0.48       5.041632088875857e-05      0.012081507770254648
0.48  0.5       0.0      0.0
0.5  0.52       0.0      0.0
0.52  0.54       0.0      0.0
0.54  0.56       0.0      0.0
