#o/p  it       t_pb[ms]       level        ejecta_mass[M]
#11  344000  155.33004927008363  5     0.006861780105653945
#  ye_bin          ye_bin_mass           ye_bin_mass/total_mass
0.0  0.02       0.0      0.0
0.02  0.04       0.0      0.0
0.04  0.06       0.0      0.0
0.06  0.08       0.0      0.0
0.08  0.1       0.0      0.0
0.1  0.12       7.90613655769832e-06      0.0011521990556333697
0.12  0.14       0.00010141402896162727      0.014779550991158184
0.14  0.16       0.00033320476560563247      0.048559522525514855
0.16  0.18       0.0009283397392802706      0.135291385760867
0.18  0.2       0.0012115521352698358      0.1765652814014756
0.2  0.22       0.0011141960636245397      0.16237711591872034
0.22  0.24       0.0006603871485766457      0.09624137445507795
0.24  0.26       0.0003116636857077005      0.045420238029909604
0.26  0.28       0.00024418965668753114      0.03558692539364889
0.28  0.3       0.00019469643379734644      0.028374041546000747
0.3  0.32       0.00018523870816084152      0.02699572200050672
0.32  0.34       0.00017007616679226667      0.024786012401086407
0.34  0.36       0.00014345259254402876      0.02090603171993623
0.36  0.38       0.0001254525801490998      0.01828280391056686
0.38  0.4       0.00012913773516703706      0.018819859158796214
0.4  0.42       0.00013919705238240823      0.02028585151944947
0.42  0.44       0.00015156317510257088      0.02208802566810417
0.44  0.46       0.00018941460675818355      0.027604295655308215
0.46  0.48       0.00023169382859798923      0.03376584866178952
0.48  0.5       0.00028894119770943067      0.04210878128714004
0.5  0.52       6.266822128661623e-08      9.13293931336842e-06
0.52  0.54       0.0      0.0
0.54  0.56       0.0      0.0
