#o/p  it       t_pb[ms]       level        ejecta_mass[M]
#99  286000  126.758620696992  6     0.005496113259110517
#  ye_bin          ye_bin_mass           ye_bin_mass/total_mass
0.0  0.02       0.0      0.0
0.02  0.04       0.0      0.0
0.04  0.06       0.0      0.0
0.06  0.08       0.0      0.0
0.08  0.1       1.552922504385255e-05      0.0028254921817906235
0.1  0.12       0.0002271410159360884      0.0413275719090346
0.12  0.14       0.0002858508133556211      0.05200962932883279
0.14  0.16       0.00035905239729069904      0.06532842035151357
0.16  0.18       0.0008015973586872919      0.14584804222484696
0.18  0.2       0.0009317446415861462      0.16952791866900835
0.2  0.22       0.0005801117696461357      0.10554945691567137
0.22  0.24       0.00032055560611998687      0.05832405392822365
0.24  0.26       0.00022512752056129664      0.040961222949348564
0.26  0.28       0.00017381488076994122      0.03162505439308781
0.28  0.3       0.0001411850898391527      0.02568816965427708
0.3  0.32       0.00011204501570308338      0.020386227579527096
0.32  0.34       9.913620804171217e-05      0.01803751185028458
0.34  0.36       9.223570795385381e-05      0.016781988217029774
0.36  0.38       9.412945241009582e-05      0.01712654888508058
0.38  0.4       0.00011530588098355504      0.020979531452053075
0.4  0.42       0.00013379366951828063      0.024343324675214863
0.42  0.44       0.00014268033377320272      0.02596022444346314
0.44  0.46       0.00018724311527767241      0.034068278154074205
0.46  0.48       0.00035338228908705064      0.0642967625351013
0.48  0.5       0.00010445066667903301      0.01900446038041384
0.5  0.52       6.00846761080078e-10      1.0932212142537218e-07
0.52  0.54       0.0      0.0
0.54  0.56       0.0      0.0
