#o/p  it       t_pb[ms]       level        ejecta_mass[M]
#55  431000  198.1871921297211  5     0.008745210132607093
#  ye_bin          ye_bin_mass           ye_bin_mass/total_mass
0.0  0.02       0.0      0.0
0.02  0.04       0.0      0.0
0.04  0.06       0.0      0.0
0.06  0.08       0.0      0.0
0.08  0.1       0.0      0.0
0.1  0.12       9.707659086872246e-07      0.00011100544114630931
0.12  0.14       1.2710107080480163e-05      0.0014533792656496256
0.14  0.16       0.0001426125468345808      0.016307503727422224
0.16  0.18       0.0006326270933241507      0.07233983903546912
0.18  0.2       0.0011659351719529283      0.13332271658123596
0.2  0.22       0.0010180786420706126      0.11641557225419194
0.22  0.24       0.0007047821921775304      0.08059065265335404
0.24  0.26       0.0007237938280840894      0.08276460109121636
0.26  0.28       0.0009507942862066361      0.10872171986600263
0.28  0.3       0.0007711814599531011      0.08818329671435797
0.3  0.32       0.0004185112527827258      0.047856054507172896
0.32  0.34       0.00032992351653185167      0.037726196572648384
0.34  0.36       0.00025513577962675945      0.029174345242485238
0.36  0.38       0.00022340787193015813      0.025546312614852688
0.38  0.4       0.00020223391500067388      0.02312510642215804
0.4  0.42       0.0001819887189269414      0.020810102463791516
0.42  0.44       0.00015994763959306733      0.018289742289518233
0.44  0.46       0.0001811719942776658      0.02071671138034226
0.46  0.48       0.00023737611026600685      0.02714355706341856
0.48  0.5       0.0004318215080457292      0.049378059703294515
0.5  0.52       2.055729562806665e-07      2.350692014982855e-05
0.52  0.54       1.5907640824940093e-10      1.819011845767708e-08
0.54  0.56       0.0      0.0
