#o/p  it       t_pb[ms]       level        ejecta_mass[M]
#63  228000  98.18719212390035  6     0.0032303592554086924
#  ye_bin          ye_bin_mass           ye_bin_mass/total_mass
0.0  0.02       0.0      0.0
0.02  0.04       0.0      0.0
0.04  0.06       0.0      0.0
0.06  0.08       6.607527057001593e-06      0.0020454465075172065
0.08  0.1       4.7684367139266084e-05      0.014761320140918271
0.1  0.12       0.00020699271345477903      0.06407730443857122
0.12  0.14       0.0003039500014329969      0.09409170231579779
0.14  0.16       0.0003985834698669807      0.12338673142921174
0.16  0.18       0.00035717535116341274      0.11056830616142238
0.18  0.2       0.0002823084342602702      0.08739227186189656
0.2  0.22       0.0002123409813005054      0.065732930770773
0.22  0.24       0.00016621420558992494      0.05145378344889265
0.24  0.26       0.00011444894297103947      0.03542916868438518
0.26  0.28       0.0001080537312800341      0.03344944717808595
0.28  0.3       0.00011642566419052868      0.03604108861749464
0.3  0.32       0.0001317514132044378      0.04078537487242085
0.32  0.34       0.00013146535971359617      0.04069682326926318
0.34  0.36       0.0001175424749366185      0.03638681200544906
0.36  0.38       0.00010738147053438176      0.03324134006290154
0.38  0.4       0.00011252881521690047      0.034834767999407476
0.4  0.42       0.0001073316068939193      0.033225904120171956
0.42  0.44       8.113831376483308e-05      0.025117427304402952
0.44  0.46       7.950773194900647e-05      0.02461265935542128
0.46  0.48       4.028957694188482e-05      0.012472166021295219
0.48  0.5       6.371025463649284e-07      0.0001972234342970391
0.5  0.52       0.0      0.0
0.52  0.54       0.0      0.0
0.54  0.56       0.0      0.0
