#o/p  it       t_pb[ms]       level        ejecta_mass[M]
#88  270000  118.87684729751844  6     0.004901703047036952
#  ye_bin          ye_bin_mass           ye_bin_mass/total_mass
0.0  0.02       0.0      0.0
0.02  0.04       0.0      0.0
0.04  0.06       0.0      0.0
0.06  0.08       0.0      0.0
0.08  0.1       4.154691575754666e-05      0.008476016469961701
0.1  0.12       0.00024625275511047347      0.050238203487118965
0.12  0.14       0.0002616280676485031      0.05337493216906634
0.14  0.16       0.00045366947243220384      0.09255343868830326
0.16  0.18       0.0008200484218675385      0.1672986743583442
0.18  0.2       0.0006964151719050155      0.1420761652067018
0.2  0.22       0.00045096519456764417      0.09200173699633839
0.22  0.24       0.00027508619331979476      0.05612053416538209
0.24  0.26       0.00019691375053587442      0.04017251731618208
0.26  0.28       0.00015206354415185874      0.031022594125480567
0.28  0.3       0.0001251600534678224      0.025533993444070598
0.3  0.32       0.00010749419765533684      0.021929969364487795
0.32  0.34       9.919156514768426e-05      0.02023614327425341
0.34  0.36       9.296444495400414e-05      0.01896574395917365
0.36  0.38       9.402679658857909e-05      0.01918247508800389
0.38  0.4       0.00011546744674072906      0.023556597703430524
0.4  0.42       0.00013440498677702475      0.027420059005465805
0.42  0.44       0.00013850687211193515      0.028256887612900513
0.44  0.46       0.00015479943868602992      0.03158074595718425
0.46  0.48       0.00023343246581908594      0.0476227269540929
0.48  0.5       1.1665291792285336e-05      0.002379844654060986
0.5  0.52       0.0      0.0
0.52  0.54       0.0      0.0
0.54  0.56       0.0      0.0
