#o/p  it       t_pb[ms]       level        ejecta_mass[M]
#37  401000  183.40886700570817  5     0.00791358244766098
#  ye_bin          ye_bin_mass           ye_bin_mass/total_mass
0.0  0.02       0.0      0.0
0.02  0.04       0.0      0.0
0.04  0.06       0.0      0.0
0.06  0.08       0.0      0.0
0.08  0.1       0.0      0.0
0.1  0.12       2.1883720082631997e-07      2.7653367141072973e-05
0.12  0.14       2.878498328688083e-05      0.0036374149732134042
0.14  0.16       0.00019896045099906007      0.025141641262342175
0.16  0.18       0.00073505568373676      0.09288532577985847
0.18  0.2       0.0011990219731744      0.1515144349736061
0.2  0.22       0.0010552205337566256      0.1333429632831484
0.22  0.24       0.0007043336579546013      0.0890031363940337
0.24  0.26       0.0006506290677605213      0.08221675480904705
0.26  0.28       0.0006460098990043339      0.08163305345928067
0.28  0.3       0.00046541899878679567      0.05881268083892393
0.3  0.32       0.0003042566346205819      0.03844739555477951
0.32  0.34       0.00025319029360172      0.03199439637816063
0.34  0.36       0.00020683414833095343      0.02613660117891202
0.36  0.38       0.00018168920535525284      0.02295915997045747
0.38  0.4       0.00018398310033113276      0.023249028053724606
0.4  0.42       0.00019467381920092243      0.024599960951751026
0.42  0.44       0.00015532231139362765      0.019627306901886934
0.44  0.46       0.00014821740840926116      0.018729495698003352
0.46  0.48       0.00018533583163882005      0.023419965971745175
0.48  0.5       0.00041591504622936093      0.05255711291063797
0.5  0.52       1.6329332026594312e-07      2.063456359315594e-05
0.52  0.54       1.4432137470647783e-07      1.823717332333284e-05
0.54  0.56       2.029481935711186e-07      2.5645552430063333e-05
