#o/p  it       t_pb[ms]       level        ejecta_mass[M]
#26  382000  174.04926109383334  5     0.007508078681634631
#  ye_bin          ye_bin_mass           ye_bin_mass/total_mass
0.0  0.02       0.0      0.0
0.02  0.04       0.0      0.0
0.04  0.06       0.0      0.0
0.06  0.08       0.0      0.0
0.08  0.1       0.0      0.0
0.1  0.12       1.3355139102775318e-06      0.00017787691990286505
0.12  0.14       3.956679102307729e-05      0.005269895628539544
0.14  0.16       0.00023722220089223775      0.0315955933536635
0.16  0.18       0.0007930335790455104      0.10562403681055378
0.18  0.2       0.001186694425977683      0.1580556726024241
0.2  0.22       0.0010783250440259413      0.1436219690483015
0.22  0.24       0.0007172816171174447      0.09553464308678246
0.24  0.26       0.0005997747403479311      0.07988391781442418
0.26  0.28       0.00044080739008479035      0.05871107759739398
0.28  0.3       0.00031393464509252316      0.04181291358339554
0.3  0.32       0.0002532380580795547      0.033728743240130865
0.32  0.34       0.00022276930618231116      0.02967061423147082
0.34  0.36       0.00020838276857358833      0.02775447320275285
0.36  0.38       0.00018994938392141204      0.025299333155104464
0.38  0.4       0.0001829892941639453      0.024372319726956505
0.4  0.42       0.00017349188218682441      0.023107360690185576
0.42  0.44       0.0001788697899306732      0.023823643506587538
0.44  0.46       0.00017731594919811198      0.023616687666292196
0.46  0.48       0.00020724922343884797      0.027603496477174163
0.48  0.5       0.00030584175815625035      0.0407350230498202
0.5  0.52       5.3202856919770445e-09      7.086081429848217e-07
0.52  0.54       0.0      0.0
0.54  0.56       0.0      0.0
