#o/p  it       t_pb[ms]       level        ejecta_mass[M]
#4  317000  142.02955665847202  5     0.005693426061066964
#  ye_bin          ye_bin_mass           ye_bin_mass/total_mass
0.0  0.02       0.0      0.0
0.02  0.04       0.0      0.0
0.04  0.06       0.0      0.0
0.06  0.08       2.521128902197924e-07      4.4281402360487625e-05
0.08  0.1       4.0457108554998717e-07      7.10593377714243e-05
0.1  0.12       4.6805540244864324e-05      0.008220979730452991
0.12  0.14       0.00018807378097656903      0.03303349845230509
0.14  0.16       0.00038590664157971073      0.06778109304319142
0.16  0.18       0.0009666618082984589      0.1697856085123733
0.18  0.2       0.0010644575608139972      0.18696256865317312
0.2  0.22       0.0007312499263654427      0.12843759074450936
0.22  0.24       0.00039776725225688074      0.0698643045488744
0.24  0.26       0.00026638468911223645      0.04678811777917692
0.26  0.28       0.0002113502114956318      0.03712179788210408
0.28  0.3       0.00018033924660936524      0.03167499580657927
0.3  0.32       0.00015014093485486393      0.026370929075827342
0.32  0.34       0.00012846606545068232      0.022563929709944707
0.34  0.36       0.00010540620387672376      0.018513668702491298
0.36  0.38       9.236512663306296e-05      0.016223118670966544
0.38  0.4       9.078560892001469e-05      0.015945690335882085
0.4  0.42       8.774457290532591e-05      0.015411559220088009
0.42  0.44       9.428876836015133e-05      0.01656098934961515
0.44  0.46       0.00012831633128058574      0.022537630225505888
0.46  0.48       0.00017857929703893064      0.03136587620942326
0.48  0.5       0.00019767914586653137      0.034720595955098035
0.5  0.52       6.641511417157813e-10      1.1665228187600587e-07
0.52  0.54       0.0      0.0
0.54  0.56       0.0      0.0
