#o/p  it       t_pb[ms]       level        ejecta_mass[M]
#86  268000  117.89162562258424  6     0.0048373469330765815
#  ye_bin          ye_bin_mass           ye_bin_mass/total_mass
0.0  0.02       0.0      0.0
0.02  0.04       0.0      0.0
0.04  0.06       0.0      0.0
0.06  0.08       0.0      0.0
0.08  0.1       5.3408886586604134e-05      0.01104094606516795
0.1  0.12       0.00023840388102639256      0.04928401545819379
0.12  0.14       0.00025848921834536895      0.05343615455362187
0.14  0.16       0.0004634477737037232      0.09580618882941432
0.16  0.18       0.0008000038478440896      0.1653807053560416
0.18  0.2       0.0006638819279462377      0.1372409167940338
0.2  0.22       0.0004341061857608497      0.08974055236612016
0.22  0.24       0.0002642945836490287      0.05463626804227081
0.24  0.26       0.00019964710232508057      0.041272024745618946
0.26  0.28       0.00015407823814073804      0.03185180642868288
0.28  0.3       0.00012967786382375517      0.026807641795764125
0.3  0.32       0.00011245292581685668      0.02324681842601187
0.32  0.34       0.00010677623641601327      0.022073305448882276
0.34  0.36       9.444970183284418e-05      0.01952510397528457
0.36  0.38       0.0001005449549158373      0.020785144482471533
0.38  0.4       0.00012298943940615965      0.025424978011229313
0.4  0.42       0.00014303381228063952      0.029568648736481913
0.42  0.44       0.0001443906235587      0.02984913539514659
0.44  0.46       0.00015632469199705414      0.032316204349153575
0.46  0.48       0.0001891347524403109      0.039098860399500036
0.48  0.5       7.810285260282951e-06      0.0016145803409050843
0.5  0.52       0.0      0.0
0.52  0.54       0.0      0.0
0.54  0.56       0.0      0.0
