#o/p  it       t_pb[ms]       level        ejecta_mass[M]
#45  415000  190.30541873024754  5     0.008276808694798536
#  ye_bin          ye_bin_mass           ye_bin_mass/total_mass
0.0  0.02       0.0      0.0
0.02  0.04       0.0      0.0
0.04  0.06       0.0      0.0
0.06  0.08       0.0      0.0
0.08  0.1       0.0      0.0
0.1  0.12       7.528970030528278e-09      9.096464963917519e-07
0.12  0.14       2.1401904288460526e-05      0.0025857676645239247
0.14  0.16       0.00017686358609222573      0.021368572430987026
0.16  0.18       0.0006826004750623237      0.08247145732524855
0.18  0.2       0.0011833752904700445      0.1429748269056554
0.2  0.22       0.00104038290175624      0.12569855606425415
0.22  0.24       0.0007039785618502614      0.08505434737094605
0.24  0.26       0.0006555028681281973      0.07919753763792323
0.26  0.28       0.0007957238997769509      0.09613897446693606
0.28  0.3       0.0005849744749838376      0.07067633148890562
0.3  0.32       0.0003442885653359153      0.04159677697423155
0.32  0.34       0.00029682589955330404      0.03586236078403513
0.34  0.36       0.00024044210557237433      0.02905009822487227
0.36  0.38       0.00021362532157323056      0.025810107427936674
0.38  0.4       0.0001921974852665806      0.023221206669590523
0.4  0.42       0.00017184263726863024      0.020761943836713627
0.42  0.44       0.00015497885618641737      0.01872447001026036
0.44  0.46       0.00015238594530695164      0.01841119577920374
0.46  0.48       0.00020369001969921282      0.02460972908884791
0.48  0.5       0.0004613315983277067      0.055737859281153275
0.5  0.52       2.4554446333569753e-07      2.9666562607639713e-05
0.52  0.54       0.0      0.0
0.54  0.56       1.4322486634597138e-07      1.7304358675823856e-05
