#o/p  it       t_pb[ms]       level        ejecta_mass[M]
#79  259000  113.45812808538037  6     0.004744010579520043
#  ye_bin          ye_bin_mass           ye_bin_mass/total_mass
0.0  0.02       0.0      0.0
0.02  0.04       0.0      0.0
0.04  0.06       0.0      0.0
0.06  0.08       1.773823366575272e-08      3.7390797023785977e-06
0.08  0.1       7.780939200308933e-05      0.016401605919471072
0.1  0.12       0.00023969598798444366      0.050526023069850316
0.12  0.14       0.0003643464967417903      0.07680136682550394
0.14  0.16       0.0005270497418200415      0.11109792716216155
0.16  0.18       0.0006991421157475268      0.1473736417801707
0.18  0.2       0.0005636312374842935      0.11880901782080695
0.2  0.22       0.00037465868810197984      0.07897509540121736
0.22  0.24       0.0002504044353198733      0.052783279278691454
0.24  0.26       0.00019173430272199853      0.040416078233408266
0.26  0.28       0.0001648864397604088      0.03475676055028751
0.28  0.3       0.00014284825566426358      0.030111285223717966
0.3  0.32       0.00012175925731741686      0.025665890764041126
0.32  0.34       0.00011677605293599129      0.024615470597834473
0.34  0.36       0.0001047540030888934      0.022081317343835158
0.36  0.38       0.00010756275122824793      0.02267337929063602
0.38  0.4       0.00012048030005341705      0.025396296663741037
0.4  0.42       0.00013852630530804535      0.029200252188742
0.42  0.44       0.00013096531633263324      0.02760645536879961
0.44  0.46       0.00014280126289456068      0.030101379518636753
0.46  0.48       0.0001565183686059076      0.032992837174857806
0.48  0.5       7.519186145171159e-06      0.0015849851131512199
0.5  0.52       1.2294402638155068e-07      2.591563073495276e-05
0.52  0.54       0.0      0.0
0.54  0.56       0.0      0.0
