#o/p  it       t_pb[ms]       level        ejecta_mass[M]
#47  175000  72.07881773814418  6     0.00046108623151863443
#  ye_bin          ye_bin_mass           ye_bin_mass/total_mass
0.0  0.02       0.0      0.0
0.02  0.04       0.0      0.0
0.04  0.06       0.0      0.0
0.06  0.08       4.0169473747782947e-07      0.0008711922196306035
0.08  0.1       2.468725977545159e-05      0.05354152453032828
0.1  0.12       5.5604142097707615e-05      0.12059380284371041
0.12  0.14       8.33105302056455e-05      0.1806831878957951
0.14  0.16       8.677065627211178e-05      0.18818748065047136
0.16  0.18       4.1889392491528155e-05      0.0908493674893765
0.18  0.2       2.467513772782316e-05      0.05351523433383184
0.2  0.22       1.9940709898488225e-05      0.04324724647016995
0.22  0.24       1.7757952621749604e-05      0.038513300566928615
0.24  0.26       1.598484948553011e-05      0.03466780917071061
0.26  0.28       1.4890208542784156e-05      0.03229376096037771
0.28  0.3       1.080193785528866e-05      0.023427153354181444
0.3  0.32       8.305707696386704e-06      0.018013350060423646
0.32  0.34       7.75836365604514e-06      0.01682627483907333
0.34  0.36       9.15779593921158e-06      0.019861351984095138
0.36  0.38       1.0940972675251839e-05      0.023728690920170468
0.38  0.4       1.0445106743752271e-05      0.02265326099491249
0.4  0.42       7.967561619758091e-06      0.01727998165010505
0.42  0.44       6.558708137896905e-06      0.014224471887384562
0.44  0.46       2.777884589331669e-06      0.006024653089688719
0.46  0.48       4.596587494134884e-07      0.0009969040886333898
0.48  0.5       0.0      0.0
0.5  0.52       0.0      0.0
0.52  0.54       0.0      0.0
0.54  0.56       0.0      0.0
