#o/p  it       t_pb[ms]       level        ejecta_mass[M]
#22  90000  30.206896553440906  6     0.0
#  ye_bin          ye_bin_mass           ye_bin_mass/total_mass
0.0  0.02       0.0      nan
0.02  0.04       0.0      nan
0.04  0.06       0.0      nan
0.06  0.08       0.0      nan
0.08  0.1       0.0      nan
0.1  0.12       0.0      nan
0.12  0.14       0.0      nan
0.14  0.16       0.0      nan
0.16  0.18       0.0      nan
0.18  0.2       0.0      nan
0.2  0.22       0.0      nan
0.22  0.24       0.0      nan
0.24  0.26       0.0      nan
0.26  0.28       0.0      nan
0.28  0.3       0.0      nan
0.3  0.32       0.0      nan
0.32  0.34       0.0      nan
0.34  0.36       0.0      nan
0.36  0.38       0.0      nan
0.38  0.4       0.0      nan
0.4  0.42       0.0      nan
0.42  0.44       0.0      nan
0.44  0.46       0.0      nan
0.46  0.48       0.0      nan
0.48  0.5       0.0      nan
0.5  0.52       0.0      nan
0.52  0.54       0.0      nan
0.54  0.56       0.0      nan
