#o/p  it       t_pb[ms]       level        ejecta_mass[M]
#25  380000  173.06403941889914  5     0.007527466309598764
#  ye_bin          ye_bin_mass           ye_bin_mass/total_mass
0.0  0.02       0.0      0.0
0.02  0.04       0.0      0.0
0.04  0.06       0.0      0.0
0.06  0.08       0.0      0.0
0.08  0.1       0.0      0.0
0.1  0.12       1.4041891198629195e-06      0.00018654206636200366
0.12  0.14       4.1591475757147805e-05      0.005525295504027935
0.14  0.16       0.0002371159705249466      0.03150010385600591
0.16  0.18       0.0007963334215338909      0.10579036674245013
0.18  0.2       0.0011955159968437435      0.15882050449289462
0.2  0.22       0.0010931599642932089      0.145222830542496
0.22  0.24       0.0007206301094152001      0.0957334220807176
0.24  0.26       0.0005913692748272952      0.0785615306007018
0.26  0.28       0.0004271176303642726      0.05674122112238841
0.28  0.3       0.0003037432111554946      0.04035132123649252
0.3  0.32       0.0002530050673333633      0.033610919920125056
0.32  0.34       0.0002263714668682622      0.030072730658336013
0.34  0.36       0.00021270374097591725      0.028257016667704617
0.36  0.38       0.00019240100716323352      0.02555986294058738
0.38  0.4       0.00018291111822398625      0.024299161324806508
0.4  0.42       0.00016888165969691383      0.02243539230212984
0.42  0.44       0.00016894253397348522      0.022443479256500365
0.44  0.46       0.00017903061631282236      0.02378364896625691
0.46  0.48       0.00022573631649358986      0.029988352947623125
0.48  0.5       0.0003094918045480211      0.04111500361726865
0.5  0.52       9.734174092786147e-09      1.2931541228385791e-06
0.52  0.54       0.0      0.0
0.54  0.56       0.0      0.0
