#o/p  it       t_pb[ms]       level        ejecta_mass[M]
#35  133000  51.389162564526096  6     0.0001672662179634564
#  ye_bin          ye_bin_mass           ye_bin_mass/total_mass
0.0  0.02       0.0      0.0
0.02  0.04       0.0      0.0
0.04  0.06       0.0      0.0
0.06  0.08       0.0      0.0
0.08  0.1       6.303597744190536e-06      0.03768601825843709
0.1  0.12       0.00010202689068499382      0.6099671046982375
0.12  0.14       3.549967892006677e-05      0.21223460034125113
0.14  0.16       5.979220340809649e-06      0.03574673005469618
0.16  0.18       3.898616136621659e-06      0.02330785130487862
0.18  0.2       2.969773998241371e-06      0.017754774600632118
0.2  0.22       2.2144443693966188e-06      0.013239041310065498
0.22  0.24       1.761998860712221e-06      0.010534098768809222
0.24  0.26       1.3615192312167718e-06      0.008139833899480113
0.26  0.28       1.0803232532676326e-06      0.006458705567813202
0.28  0.3       8.232609503255132e-07      0.004921860255759329
0.3  0.32       8.323548263893555e-07      0.004976227934867307
0.32  0.34       1.0297116619412816e-06      0.006156124497095095
0.34  0.36       8.721358401031682e-07      0.005214058467524558
0.36  0.38       1.7137537876269073e-07      0.0010245665912057154
0.38  0.4       2.118369494485609e-07      0.0012664658293095508
0.4  0.42       1.8460606688606275e-07      0.00110366617439987
0.42  0.44       2.96804721214632e-08      0.0001774445102115459
0.44  0.46       1.5192277961309627e-08      9.082693532670637e-05
0.46  0.48       0.0      0.0
0.48  0.5       0.0      0.0
0.5  0.52       0.0      0.0
0.52  0.54       0.0      0.0
0.54  0.56       0.0      0.0
