#o/p  it       t_pb[ms]       level        ejecta_mass[M]
#68  241000  104.59113301097261  6     0.004109019922271992
#  ye_bin          ye_bin_mass           ye_bin_mass/total_mass
0.0  0.02       0.0      0.0
0.02  0.04       0.0      0.0
0.04  0.06       0.0      0.0
0.06  0.08       5.953046410682786e-06      0.0014487752610824968
0.08  0.1       3.7505569317510054e-05      0.009127619244243572
0.1  0.12       0.0002319616118982851      0.05645180999025847
0.12  0.14       0.0004172830248793175      0.10155293300417732
0.14  0.16       0.00045477409497492654      0.11067702361576025
0.16  0.18       0.0005201763909233371      0.12659378653869294
0.18  0.2       0.000494714739585254      0.12039725991683983
0.2  0.22       0.00029697174838606616      0.07227313422755618
0.22  0.24       0.0002060549217403643      0.05014697558984596
0.24  0.26       0.00017958996878730883      0.0437062784275839
0.26  0.28       0.00017795818159413833      0.04330915521474043
0.28  0.3       0.00019361765936816864      0.04712015590839775
0.3  0.32       0.00014438048466267777      0.03513745063149895
0.32  0.34       0.00011484276994687984      0.02794894454621677
0.34  0.36       8.915384553912746e-05      0.021697107150999602
0.36  0.38       9.81387634549754e-05      0.023883739994307873
0.38  0.4       0.00011108822444424194      0.02703521193511716
0.4  0.42       0.00011524289867209595      0.028046322688154535
0.42  0.44       9.847447363180025e-05      0.02396544078505002
0.44  0.46       9.588985680360597e-05      0.023336430247966722
0.46  0.48       2.5247647251229356e-05      0.006144445081509663
0.48  0.5       0.0      0.0
0.5  0.52       0.0      0.0
0.52  0.54       0.0      0.0
0.54  0.56       0.0      0.0
