#o/p  it       t_pb[ms]       level        ejecta_mass[M]
#57  210000  89.32019704949259  6     0.002123096130425391
#  ye_bin          ye_bin_mass           ye_bin_mass/total_mass
0.0  0.02       0.0      0.0
0.02  0.04       0.0      0.0
0.04  0.06       0.0      0.0
0.06  0.08       0.0      0.0
0.08  0.1       7.217116019704137e-05      0.033993354875825096
0.1  0.12       0.0001673698919536488      0.07883293156401447
0.12  0.14       0.00028902343847404967      0.13613299667977818
0.14  0.16       0.0003041247674649069      0.14324587714451317
0.16  0.18       0.00024518925646949526      0.11548664846389611
0.18  0.2       0.00018669297304853676      0.08793430046482648
0.2  0.22       0.00014712547947007843      0.06929760615248252
0.22  0.24       0.00010516691833879409      0.0495346945584242
0.24  0.26       9.368305138281211e-05      0.044125675724368374
0.26  0.28       8.8013892856275e-05      0.04145544405407598
0.28  0.3       8.138141367728192e-05      0.038331478500210944
0.3  0.32       7.994005973814574e-05      0.03765258604758922
0.32  0.34       6.062715805392563e-05      0.028556011753352945
0.34  0.36       5.5559771023683045e-05      0.026169220614871966
0.36  0.38       5.490561227177545e-05      0.02586110514966384
0.38  0.4       4.116483262098928e-05      0.019389057344634388
0.4  0.42       2.9938290214283856e-05      0.014101241006117473
0.42  0.44       1.2215167186043232e-05      0.005753468724751412
0.44  0.46       8.064005274805758e-06      0.003798228991727297
0.46  0.48       7.389907088221326e-07      0.0003480721848775005
0.48  0.5       0.0      0.0
0.5  0.52       0.0      0.0
0.52  0.54       0.0      0.0
0.54  0.56       0.0      0.0
