#o/p  it       t_pb[ms]       level        ejecta_mass[M]
#42  158000  63.704433501203525  6     0.00033604511852058786
#  ye_bin          ye_bin_mass           ye_bin_mass/total_mass
0.0  0.02       0.0      0.0
0.02  0.04       0.0      0.0
0.04  0.06       0.0      0.0
0.06  0.08       7.212755271017463e-06      0.021463651377443153
0.08  0.1       3.3983738887814794e-05      0.10112850035562344
0.1  0.12       3.1635473176735815e-05      0.094140552661525
0.12  0.14       0.00011163015989593482      0.3321880120960477
0.14  0.16       3.1423048322929805e-05      0.09350842071822765
0.16  0.18       1.8495781823584143e-05      0.05503957892621789
0.18  0.2       1.5118009241658894e-05      0.04498803407177803
0.2  0.22       1.34244024999471e-05      0.03994821457025465
0.22  0.24       8.07921776989705e-06      0.024042062582147212
0.24  0.26       7.168199947568303e-06      0.02133106405213008
0.26  0.28       8.864692028543662e-06      0.02637946971992859
0.28  0.3       1.126022337408034e-05      0.03350807005812965
0.3  0.32       1.2209348956739016e-05      0.036332469313911514
0.32  0.34       9.81371152793652e-06      0.029203553294095182
0.34  0.36       2.9526013775054327e-06      0.008786324260575566
0.36  0.38       2.822695723557667e-06      0.00839975219989614
0.38  0.4       4.244898296629243e-06      0.012631929650747713
0.4  0.42       3.102254402149091e-06      0.009231660366936801
0.42  0.44       9.501949309440945e-07      0.002827581412660457
0.44  0.46       8.708670407050263e-07      0.002591518200112383
0.46  0.48       7.828440247096498e-07      0.002329580111611378
0.48  0.5       0.0      0.0
0.5  0.52       0.0      0.0
0.52  0.54       0.0      0.0
0.54  0.56       0.0      0.0
