#o/p  it       t_pb[ms]       level        ejecta_mass[M]
#48  420000  192.76847291758304  5     0.00841250770171093
#  ye_bin          ye_bin_mass           ye_bin_mass/total_mass
0.0  0.02       0.0      0.0
0.02  0.04       0.0      0.0
0.04  0.06       0.0      0.0
0.06  0.08       0.0      0.0
0.08  0.1       0.0      0.0
0.1  0.12       3.2579235080930076e-08      3.8727138489637435e-06
0.12  0.14       1.8954927015366676e-05      0.002253183912272869
0.14  0.16       0.00016376548731148057      0.01946690488951042
0.16  0.18       0.0006648619693795316      0.07903255402004712
0.18  0.2       0.0011806764185238576      0.14034773701113312
0.2  0.22       0.001035772548738796      0.12312292427716189
0.22  0.24       0.0007148570431352168      0.08497549939714523
0.24  0.26       0.0006480163619360361      0.07703010623149183
0.26  0.28       0.0008295002277439032      0.09860320574508359
0.28  0.3       0.0006614450085140728      0.0786263777659958
0.3  0.32       0.0003621182132539174      0.04304521625344486
0.32  0.34       0.0003044637467993996      0.03619179412311004
0.34  0.36       0.0002481112689002703      0.029493140178618746
0.36  0.38       0.0002155526843740055      0.02562288107387605
0.38  0.4       0.00019811947660423353      0.023550584870661112
0.4  0.42       0.0001733925942194122      0.020611285049301972
0.42  0.44       0.0001532828051780299      0.01822082197284115
0.44  0.46       0.00015454079179974027      0.018370359621579884
0.46  0.48       0.0002281803522492354      0.027123939773966356
0.48  0.5       0.0004568331345701638      0.05430403760311011
0.5  0.52       3.0062229191586655e-08      3.573515800225968e-06
0.52  0.54       0.0      0.0
0.54  0.56       0.0      0.0
