#o/p  it       t_pb[ms]       level        ejecta_mass[M]
#29  388000  177.00492611863592  5     0.007591583171064142
#  ye_bin          ye_bin_mass           ye_bin_mass/total_mass
0.0  0.02       0.0      0.0
0.02  0.04       0.0      0.0
0.04  0.06       0.0      0.0
0.06  0.08       0.0      0.0
0.08  0.1       0.0      0.0
0.1  0.12       1.0935359355646538e-06      0.00014404583483096695
0.12  0.14       3.587581929800578e-05      0.004725736185667966
0.14  0.16       0.00022694123365157563      0.029893795343845835
0.16  0.18       0.0007782059607058312      0.1025090476084117
0.18  0.2       0.0011939232441799015      0.15726933595756742
0.2  0.22       0.0010620500096270116      0.13989835660038483
0.22  0.24       0.0006989411887189007      0.09206790902100165
0.24  0.26       0.0006356300996965364      0.08372826660442655
0.26  0.28       0.0005242374894624073      0.06905509399680633
0.28  0.3       0.0003320203451439027      0.04373532340519193
0.3  0.32       0.0002577890672726644      0.0339572209727275
0.32  0.34       0.0002240910224805234      0.02951835176286578
0.34  0.36       0.00020444884388108898      0.02693098913285443
0.36  0.38       0.00018130029344584788      0.02388175027007368
0.38  0.4       0.00017265854727493033      0.0227434177278108
0.4  0.42       0.00016820046807408887      0.022156178004503316
0.42  0.44       0.00016152966859099847      0.02127746807894831
0.44  0.46       0.0001577399468478423      0.020778267627901293
0.46  0.48       0.00018548606255544884      0.024433119992999897
0.48  0.5       0.0003891132117703158      0.05125587153592
0.5  0.52       3.071124507526051e-07      4.045433525949976e-05
0.52  0.54       0.0      0.0
0.54  0.56       0.0      0.0
