#o/p  it       t_pb[ms]       level        ejecta_mass[M]
#64  231000  99.66502463630164  6     0.003656911851993117
#  ye_bin          ye_bin_mass           ye_bin_mass/total_mass
0.0  0.02       0.0      0.0
0.02  0.04       0.0      0.0
0.04  0.06       0.0      0.0
0.06  0.08       6.2055926132560705e-06      0.0016969489187642992
0.08  0.1       3.53217163335374e-05      0.009658891918405443
0.1  0.12       0.000266576642337623      0.07289665519072643
0.12  0.14       0.00034900386235313255      0.09543677192079868
0.14  0.16       0.00043725535824367615      0.11956956468758197
0.16  0.18       0.00041275102805240956      0.1128687386400766
0.18  0.2       0.0003379830448163805      0.09242307676412012
0.2  0.22       0.00024197426702582135      0.06616901823705124
0.22  0.24       0.00017275480571532191      0.04724062616416795
0.24  0.26       0.00013416648578218365      0.0366884659002812
0.26  0.28       0.00012211857487470215      0.03339390715916332
0.28  0.3       0.0001201640034590195      0.03285942027657211
0.3  0.32       0.00014632581539314132      0.04001349261765491
0.32  0.34       0.00015019327446480485      0.04107106775979449
0.34  0.36       0.00013038710281293583      0.03565497558872558
0.36  0.38       0.00012757885418379826      0.034887046597599634
0.38  0.4       0.00011940985744337495      0.03265319544913103
0.4  0.42       0.00010917812731457273      0.029855280010391193
0.42  0.44       8.988919904925308e-05      0.024580630512124873
0.44  0.46       0.00011341796091408233      0.031014682744476448
0.46  0.48       3.421070101131777e-05      0.009355079475780093
0.48  0.5       4.557779877349051e-08      1.246346661286062e-05
0.5  0.52       0.0      0.0
0.52  0.54       0.0      0.0
0.54  0.56       0.0      0.0
