#o/p  it       t_pb[ms]       level        ejecta_mass[M]
#47  418000  191.78325124264884  5     0.008364299313618878
#  ye_bin          ye_bin_mass           ye_bin_mass/total_mass
0.0  0.02       0.0      0.0
0.02  0.04       0.0      0.0
0.04  0.06       0.0      0.0
0.06  0.08       0.0      0.0
0.08  0.1       0.0      0.0
0.1  0.12       9.48650106016831e-09      1.1341656610401599e-06
0.12  0.14       2.002656293995218e-05      0.00239429056625755
0.14  0.16       0.00016892594672195943      0.020196066686292737
0.16  0.18       0.0006723625141001328      0.08038479840210669
0.18  0.2       0.0011833993852746623      0.1414821900679515
0.2  0.22       0.001037143262453076      0.12399643096994194
0.22  0.24       0.0007096819931224192      0.08484655635970659
0.24  0.26       0.00064792495766875      0.07746314824169298
0.26  0.28       0.0008052254165900606      0.09626932112280828
0.28  0.3       0.0006306459561083119      0.07539734441132262
0.3  0.32       0.0003573357093406637      0.0427215354140716
0.32  0.34       0.0002985654382796159      0.03569521212535845
0.34  0.36       0.00024435595105292454      0.02921415672620186
0.36  0.38       0.00021642541814663384      0.025874901176031175
0.38  0.4       0.0001929862430997668      0.023072613241559122
0.4  0.42       0.00017263131689710735      0.020639064962205075
0.42  0.44       0.00015634700554169507      0.018692182056078328
0.44  0.46       0.00016197189108888103      0.01936466941410812
0.46  0.48       0.00022077281243116094      0.0263946571198971
0.48  0.5       0.0004674075606578471      0.05588125713014683
0.5  0.52       1.5414240873279044e-07      1.842860985161225e-05
0.52  0.54       3.431935195859959e-10      4.103075544262304e-08
0.54  0.56       0.0      0.0
