#o/p  it       t_pb[ms]       level        ejecta_mass[M]
#27  384000  175.03448276876753  5     0.007521615577053695
#  ye_bin          ye_bin_mass           ye_bin_mass/total_mass
0.0  0.02       0.0      0.0
0.02  0.04       0.0      0.0
0.04  0.06       0.0      0.0
0.06  0.08       0.0      0.0
0.08  0.1       0.0      0.0
0.1  0.12       1.2547123043102927e-06      0.00016681420254154736
0.12  0.14       3.8314124539850484e-05      0.005093869016217201
0.14  0.16       0.00023466646894668294      0.031198944766943876
0.16  0.18       0.0007906660061741488      0.10511917261316112
0.18  0.2       0.0011863878760881232      0.1577304588268848
0.2  0.22       0.0010695663609787869      0.14219901961511153
0.22  0.24       0.0007105362626749119      0.09446591033481629
0.24  0.26       0.0006207636480117014      0.0825306267852181
0.26  0.28       0.00046980685242863123      0.0624608965475287
0.28  0.3       0.0003274163223458574      0.0435300526850523
0.3  0.32       0.0002575011119853017      0.03423481422938766
0.32  0.34       0.00022591385784428658      0.03003528371397833
0.34  0.36       0.0002100219797745144      0.02792245597012849
0.36  0.38       0.000184779106943847      0.024566411969730993
0.38  0.4       0.00017599518155610627      0.02339858767749543
0.4  0.42       0.00017195916600647645      0.022861998761419665
0.42  0.44       0.00017851357305588008      0.023733408232198692
0.44  0.46       0.0001628601276982996      0.02165228015576061
0.46  0.48       0.0001877780996843457      0.02496512853664087
0.48  0.5       0.0003168776053937889      0.042128928572272704
0.5  0.52       3.7132617864270597e-08      4.936787513782495e-06
0.52  0.54       0.0      0.0
0.54  0.56       0.0      0.0
