#o/p  it       t_pb[ms]       level        ejecta_mass[M]
#36  137000  53.35960591439448  6     0.00017834965540220225
#  ye_bin          ye_bin_mass           ye_bin_mass/total_mass
0.0  0.02       0.0      0.0
0.02  0.04       0.0      0.0
0.04  0.06       0.0      0.0
0.06  0.08       0.0      0.0
0.08  0.1       4.374258746707139e-07      0.0024526308934225876
0.1  0.12       8.227538514302197e-05      0.4613150777189898
0.12  0.14       6.060941892741445e-05      0.33983479693712965
0.14  0.16       7.554300436486139e-06      0.042356686473266146
0.16  0.18       4.4054705554022725e-06      0.024701312404934842
0.18  0.2       3.4708350062049485e-06      0.01946084503711405
0.2  0.22       3.095078895257028e-06      0.017353994255145673
0.22  0.24       2.678226285381775e-06      0.015016716905575276
0.24  0.26       2.609747505320656e-06      0.014632758888349558
0.26  0.28       2.694388350784509e-06      0.015107337015641013
0.28  0.3       2.666083317927815e-06      0.014948631730829207
0.3  0.32       2.378843446005839e-06      0.01333808826622754
0.32  0.34       1.7653239491612736e-06      0.009898106868668924
0.34  0.36       1.060257974519441e-06      0.005944827715693748
0.36  0.38       3.414768023040188e-07      0.0019146479511493483
0.38  0.4       1.841203888248228e-07      0.0010323562914074983
0.4  0.42       9.422900418684909e-08      0.0005283385828492358
0.42  0.44       2.904353932770789e-08      0.00016284606360584682
0.44  0.46       0.0      0.0
0.46  0.48       0.0      0.0
0.48  0.5       0.0      0.0
0.5  0.52       0.0      0.0
0.52  0.54       0.0      0.0
0.54  0.56       0.0      0.0
