#o/p  it       t_pb[ms]       level        ejecta_mass[M]
#33  126000  47.940886702256414  6     0.00014671002557088144
#  ye_bin          ye_bin_mass           ye_bin_mass/total_mass
0.0  0.02       0.0      0.0
0.02  0.04       0.0      0.0
0.04  0.06       0.0      0.0
0.06  0.08       0.0      0.0
0.08  0.1       4.428903263535491e-06      0.030188143218581286
0.1  0.12       0.00011473367845340404      0.7820438855964321
0.12  0.14       1.982027754483597e-05      0.13509831702169534
0.14  0.16       2.171547471141049e-06      0.014801629695660356
0.16  0.18       1.2846840208134104e-06      0.00875662052279262
0.18  0.2       1.0364093852527826e-06      0.007064339203949304
0.2  0.22       8.052250853602381e-07      0.00548854846304421
0.22  0.24       6.594796155332775e-07      0.004495123035846359
0.24  0.26       5.509204930624698e-07      0.0037551659535107794
0.26  0.28       4.283167577596293e-07      0.0029194784479994007
0.28  0.3       2.911620874114738e-07      0.001984609342671008
0.3  0.32       2.438285820643195e-07      0.0016619762767781418
0.32  0.34       1.580427327306067e-07      0.0010772456218695837
0.34  0.36       8.083785137444668e-08      0.0005510042756784245
0.36  0.38       1.671222660227242e-08      0.00011391332349129802
0.38  0.4       0.0      0.0
0.4  0.42       0.0      0.0
0.42  0.44       0.0      0.0
0.44  0.46       0.0      0.0
0.46  0.48       0.0      0.0
0.48  0.5       0.0      0.0
0.5  0.52       0.0      0.0
0.52  0.54       0.0      0.0
0.54  0.56       0.0      0.0
