#o/p  it       t_pb[ms]       level        ejecta_mass[M]
#65  234000  101.14285714870293  6     0.0039011234728405834
#  ye_bin          ye_bin_mass           ye_bin_mass/total_mass
0.0  0.02       0.0      0.0
0.02  0.04       0.0      0.0
0.04  0.06       0.0      0.0
0.06  0.08       4.111048060723621e-06      0.0010538113159823115
0.08  0.1       4.2301348897869126e-05      0.010843376066502097
0.1  0.12       0.0002698232459251975      0.069165523163697
0.12  0.14       0.0003686334591700757      0.09449417885295927
0.14  0.16       0.00045435721351510427      0.11646829860124021
0.16  0.18       0.0004427346483985835      0.1134890119425542
0.18  0.2       0.0003738184585218767      0.09582328299126679
0.2  0.22       0.00026381330931598933      0.06762495756738891
0.22  0.24       0.0001972161802370875      0.05055368834390815
0.24  0.26       0.00015815410901068178      0.040540657098331385
0.26  0.28       0.00013973956168040095      0.03582033807780257
0.28  0.3       0.00014969284636263383      0.03837172737668714
0.3  0.32       0.00016113673471998468      0.041305212675735635
0.32  0.34       0.00016518106199610498      0.04234192102508081
0.34  0.36       0.0001428172824198242      0.03660926997417811
0.36  0.38       0.00011566530309326928      0.029649228971737256
0.38  0.4       0.00011062201409637186      0.0283564503575743
0.4  0.42       0.00011053894669722771      0.028335157158391435
0.42  0.44       9.656505716185013e-05      0.024753140430988915
0.44  0.46       0.00010063893164682515      0.025797422805883513
0.46  0.48       3.355653463525469e-05      0.008601761740912206
0.48  0.5       6.17727764215826e-09      1.5834611965409815e-06
0.5  0.52       0.0      0.0
0.52  0.54       0.0      0.0
0.54  0.56       0.0      0.0
