#o/p  it       t_pb[ms]       level        ejecta_mass[M]
#20  369000  167.64532020676108  5     0.007423741889627629
#  ye_bin          ye_bin_mass           ye_bin_mass/total_mass
0.0  0.02       0.0      0.0
0.02  0.04       0.0      0.0
0.04  0.06       0.0      0.0
0.06  0.08       0.0      0.0
0.08  0.1       0.0      0.0
0.1  0.12       2.0851095044023897e-06      0.0002808704202547346
0.12  0.14       5.9433631780034834e-05      0.008005886069810005
0.14  0.16       0.00025868645053868676      0.0348458303621952
0.16  0.18       0.0008438008350716107      0.11366246936070878
0.18  0.2       0.0012218933470042942      0.1645926495251014
0.2  0.22       0.0010964298734932748      0.14769234838635684
0.22  0.24       0.0007195073948797358      0.09691977517227851
0.24  0.26       0.000542024998714445      0.07301237122370276
0.26  0.28       0.00036022257873532046      0.0485230472840953
0.28  0.3       0.0002480083382424804      0.033407457038477445
0.3  0.32       0.00022754824141276372      0.030651421452393388
0.32  0.34       0.00021389010606138857      0.028811630205009348
0.34  0.36       0.00019708553742084201      0.0265480050830172
0.36  0.38       0.00018281133209514756      0.02462522738709027
0.38  0.4       0.00017648832472148544      0.02377349958355543
0.4  0.42       0.00017431633737324793      0.02348092646065737
0.42  0.44       0.00017900200725929922      0.024112100059593786
0.44  0.46       0.00017740622371563138      0.02389714329420604
0.46  0.48       0.0002217969554489238      0.029876706214532606
0.48  0.5       0.00032129448958025477      0.04327931848346774
0.5  0.52       9.776574330717384e-09      1.3169334920408678e-06
0.52  0.54       0.0      0.0
0.54  0.56       0.0      0.0
