#o/p  it       t_pb[ms]       level        ejecta_mass[M]
#27  105000  37.59605911544737  6     5.505521437923956e-06
#  ye_bin          ye_bin_mass           ye_bin_mass/total_mass
0.0  0.02       0.0      0.0
0.02  0.04       0.0      0.0
0.04  0.06       0.0      0.0
0.06  0.08       3.273618501228783e-07      0.05946064397604475
0.08  0.1       0.0      0.0
0.1  0.12       8.412558009599736e-07      0.1528022023790716
0.12  0.14       2.962522455036891e-06      0.5381002487121385
0.14  0.16       1.3743813318042117e-06      0.2496369049327449
0.16  0.18       0.0      0.0
0.18  0.2       0.0      0.0
0.2  0.22       0.0      0.0
0.22  0.24       0.0      0.0
0.24  0.26       0.0      0.0
0.26  0.28       0.0      0.0
0.28  0.3       0.0      0.0
0.3  0.32       0.0      0.0
0.32  0.34       0.0      0.0
0.34  0.36       0.0      0.0
0.36  0.38       0.0      0.0
0.38  0.4       0.0      0.0
0.4  0.42       0.0      0.0
0.42  0.44       0.0      0.0
0.44  0.46       0.0      0.0
0.46  0.48       0.0      0.0
0.48  0.5       0.0      0.0
0.5  0.52       0.0      0.0
0.52  0.54       0.0      0.0
0.54  0.56       0.0      0.0
