#o/p  it       t_pb[ms]       level        ejecta_mass[M]
#50  186000  77.49753695028225  6     0.0008511617645532645
#  ye_bin          ye_bin_mass           ye_bin_mass/total_mass
0.0  0.02       0.0      0.0
0.02  0.04       0.0      0.0
0.04  0.06       0.0      0.0
0.06  0.08       6.399560076663521e-06      0.0075186178975301535
0.08  0.1       6.594018719301091e-05      0.07747080512670805
0.1  0.12       8.721083963687739e-05      0.10246094604901611
0.12  0.14       9.528245472378264e-05      0.11194400252905157
0.14  0.16       0.00014283124635079269      0.16780740430199917
0.16  0.18       9.798012664661139e-05      0.11511340232492309
0.18  0.2       5.266894639250474e-05      0.061878891399860095
0.2  0.22       3.582222712354699e-05      0.04208627386164183
0.22  0.24       3.208134031081635e-05      0.037691237608228755
0.24  0.26       2.477314156676076e-05      0.029105092120489034
0.26  0.28       2.464685617254502e-05      0.028956723855518833
0.28  0.3       2.604983705849983e-05      0.030605036719632474
0.3  0.32       3.0915844859059006e-05      0.0363219380223045
0.32  0.34       2.445789013687375e-05      0.028734714310987133
0.34  0.36       2.5005208379140927e-05      0.029377739250617076
0.36  0.38       2.379853366518729e-05      0.027960059598868426
0.38  0.4       1.9105329605065417e-05      0.022446179328899862
0.4  0.42       1.510572853800379e-05      0.01774718880368421
0.42  0.44       1.2857910995323237e-05      0.015106307086140977
0.44  0.46       6.077380609969639e-06      0.0071401005814204725
0.46  0.48       2.1511745122294258e-06      0.0025273392224784415
0.48  0.5       0.0      0.0
0.5  0.52       0.0      0.0
0.52  0.54       0.0      0.0
0.54  0.56       0.0      0.0
