#o/p  it       t_pb[ms]       level        ejecta_mass[M]
#105  296000  131.68472907166296  6     0.005809249408058781
#  ye_bin          ye_bin_mass           ye_bin_mass/total_mass
0.0  0.02       0.0      0.0
0.02  0.04       0.0      0.0
0.04  0.06       0.0      0.0
0.06  0.08       5.74457783313785e-07      9.888674817729092e-05
0.08  0.1       5.778964286682491e-06      0.0009947867410660183
0.1  0.12       0.00018333094543946442      0.03155845662008275
0.12  0.14       0.0002857440294953049      0.04918777098791996
0.14  0.16       0.00042496460220940366      0.0731530998858267
0.16  0.18       0.0008164781628887608      0.1405479616275582
0.18  0.2       0.0009493317983304797      0.16341729053903858
0.2  0.22       0.0006180443693512468      0.10638971163707922
0.22  0.24       0.0003386018937462008      0.058286685587380906
0.24  0.26       0.00024281798686934036      0.041798512994208045
0.26  0.28       0.0001930043256925537      0.03322362531462529
0.28  0.3       0.00015686289214171116      0.027002265029989213
0.3  0.32       0.00012351397782945012      0.021261606991448412
0.32  0.34       0.00011343579123512588      0.019526755225513993
0.34  0.36       0.00010382024235337441      0.01787154158149099
0.36  0.38       0.00010553894179229479      0.01816739726235333
0.38  0.4       0.0001237013800254959      0.021293866270209245
0.4  0.42       0.0001397087822044677      0.024049368927190336
0.42  0.44       0.00014183908770710253      0.024416078178764147
0.44  0.46       0.00019296728540649238      0.03321724922651829
0.46  0.48       0.00030892625171971495      0.053178341988753715
0.48  0.5       0.0002402632395507897      0.041358740634803645
0.5  0.52       0.0      0.0
0.52  0.54       0.0      0.0
0.54  0.56       0.0      0.0
