#o/p  it       t_pb[ms]       level        ejecta_mass[M]
#80  260000  113.95073892284746  6     0.004761652105836084
#  ye_bin          ye_bin_mass           ye_bin_mass/total_mass
0.0  0.02       0.0      0.0
0.02  0.04       0.0      0.0
0.04  0.06       0.0      0.0
0.06  0.08       7.218735112533079e-08      1.5160148100037568e-05
0.08  0.1       7.82505168658525e-05      0.016433480465728553
0.1  0.12       0.00023776171422391866      0.04993260930014349
0.12  0.14       0.0003538510031181047      0.07431265351880911
0.14  0.16       0.0005165678283967198      0.10848499993596598
0.16  0.18       0.0007148577945126933      0.15012810231065246
0.18  0.2       0.0005719249027330278      0.1201106023751824
0.2  0.22       0.0003812604418099801      0.08006894105990882
0.22  0.24       0.0002524497887758824      0.0530172686212143
0.24  0.26       0.00019154621339777754      0.04022683916009117
0.26  0.28       0.00016459757192237024      0.0345673241689859
0.28  0.3       0.00015047273121394022      0.03160095023101634
0.3  0.32       0.00013171628068347195      0.02766188662166958
0.32  0.34       0.00010942114496232172      0.022979659691687786
0.34  0.36       0.00010240646871590162      0.021506499517339347
0.36  0.38       0.00010472413411694243      0.021993235076663425
0.38  0.4       0.00011928257585443814      0.025050670062233302
0.4  0.42       0.00013831638117554304      0.02904798126810159
0.42  0.44       0.00013146571037716203      0.027609264065308774
0.44  0.46       0.00015015876580854053      0.03153501399745259
0.46  0.48       0.00015285239797637506      0.03210070676709721
0.48  0.5       7.695551843997094e-06      0.0016161516366483594
0.5  0.52       0.0      0.0
0.52  0.54       0.0      0.0
0.54  0.56       0.0      0.0
