#o/p  it       t_pb[ms]       level        ejecta_mass[M]
#53  429000  197.2019704547869  5     0.008687371369108703
#  ye_bin          ye_bin_mass           ye_bin_mass/total_mass
0.0  0.02       0.0      0.0
0.02  0.04       0.0      0.0
0.04  0.06       0.0      0.0
0.06  0.08       0.0      0.0
0.08  0.1       0.0      0.0
0.1  0.12       1.4513011923442468e-08      1.6705872590009305e-06
0.12  0.14       1.3051117641437484e-05      0.0015023091665962115
0.14  0.16       0.0001454597550953615      0.01674381684805138
0.16  0.18       0.0006351810385309332      0.07311544672644756
0.18  0.2       0.0011653418170744804      0.13414205144012864
0.2  0.22       0.0010220012042094777      0.11764216824476928
0.22  0.24       0.0007078817158932132      0.08148399392828531
0.24  0.26       0.000706260536432681      0.08129738057982218
0.26  0.28       0.0009339280679125106      0.10750410316674751
0.28  0.3       0.0007566389357457073      0.08709641888180683
0.3  0.32       0.00041937943625838277      0.04827460671816655
0.32  0.34       0.0003311085304259526      0.03811377646445927
0.34  0.36       0.00025251934184330685      0.029067404985268237
0.36  0.38       0.0002184173934941435      0.025141942736649978
0.38  0.4       0.00020187645889774815      0.02323792207336706
0.4  0.42       0.00017429672499747452      0.02006322943868311
0.42  0.44       0.00015696035821223284      0.01806764687997176
0.44  0.46       0.00017996603572460764      0.02071582163098797
0.46  0.48       0.00024245637774421587      0.027909061031552416
0.48  0.5       0.00042390385138136726      0.04879541041479138
0.5  0.52       5.858962942818592e-07      6.744229864113318e-05
0.52  0.54       1.1742938261691189e-07      1.3517251378763123e-05
0.54  0.56       2.483290476856291e-08      2.858506182533634e-06
