#o/p  it       t_pb[ms]       level        ejecta_mass[M]
#98  285000  126.2660098595249  6     0.005468860042933913
#  ye_bin          ye_bin_mass           ye_bin_mass/total_mass
0.0  0.02       0.0      0.0
0.02  0.04       0.0      0.0
0.04  0.06       0.0      0.0
0.06  0.08       0.0      0.0
0.08  0.1       1.4020829275705137e-05      0.0025637571935710566
0.1  0.12       0.0002204036571053323      0.04030157205981285
0.12  0.14       0.0002872675668447763      0.05252786953579893
0.14  0.16       0.0003592779111614643      0.06569521039867757
0.16  0.18       0.0008112381097801289      0.14833769805981706
0.18  0.2       0.0009275519102665254      0.16960607932634456
0.2  0.22       0.0005750013605036525      0.10514099025931152
0.22  0.24       0.0003173421874033375      0.05802711806702059
0.24  0.26       0.00022043456422381213      0.0403072235334723
0.26  0.28       0.00017258685740492784      0.03155810462326973
0.28  0.3       0.00013406785461047088      0.024514771553478386
0.3  0.32       0.00010974598754745252      0.020067433923318397
0.32  0.34       9.966577244522726e-05      0.018224231679507187
0.34  0.36       9.425245453586009e-05      0.017234387750997535
0.36  0.38       9.332385742035019e-05      0.01706459055227242
0.38  0.4       0.00011167822428877573      0.02042075010368395
0.4  0.42       0.00013272358419416823      0.024268967052037627
0.42  0.44       0.0001482724963352627      0.02711213948999105
0.44  0.46       0.0001923941625887948      0.0351799389778459
0.46  0.48       0.0003505186358469197      0.06409354657005902
0.48  0.5       9.708339704163403e-05      0.017752035393019693
0.5  0.52       8.662109333569014e-09      1.5838966924671927e-06
0.52  0.54       0.0      0.0
0.54  0.56       0.0      0.0
