#o/p  it       t_pb[ms]       level        ejecta_mass[M]
#22  374000  170.10837439409656  5     0.007464986101484026
#  ye_bin          ye_bin_mass           ye_bin_mass/total_mass
0.0  0.02       0.0      0.0
0.02  0.04       0.0      0.0
0.04  0.06       0.0      0.0
0.06  0.08       0.0      0.0
0.08  0.1       0.0      0.0
0.1  0.12       1.873628696565989e-06      0.0002509889062209392
0.12  0.14       5.049152631013217e-05      0.006763780350521288
0.14  0.16       0.00024791853877922915      0.033210850684630665
0.16  0.18       0.0008252075016113301      0.11054374253252532
0.18  0.2       0.0012167656133797934      0.16299636688377794
0.2  0.22       0.0010924652042898885      0.1463452429030924
0.22  0.24       0.0007095085625313204      0.09504486048410343
0.24  0.26       0.000563762621619512      0.07552092046191981
0.26  0.28       0.0003925694190283478      0.0525880977796202
0.28  0.3       0.0002684339677244484      0.035959071333178265
0.3  0.32       0.00023661118932297534      0.031696132599086484
0.32  0.34       0.00022175410708863413      0.029705896846150832
0.34  0.36       0.00020826327798380322      0.02789868261675676
0.36  0.38       0.00018748978177494176      0.025115891607309104
0.38  0.4       0.00018001217086455589      0.02411420040403957
0.4  0.42       0.00017201576081607897      0.023043011531110894
0.42  0.44       0.0001605800268169559      0.02151109521624332
0.44  0.46       0.00016097861041277107      0.021564488965460874
0.46  0.48       0.0002180707645208294      0.029212480982044604
0.48  0.5       0.0003501418965753106      0.04690456108226418
0.5  0.52       7.193133662270166e-08      9.635829945939463e-06
0.52  0.54       0.0      0.0
0.54  0.56       0.0      0.0
