#o/p  it       t_pb[ms]       level        ejecta_mass[M]
#54  430000  197.69458129225401  5     0.00872141002495016
#  ye_bin          ye_bin_mass           ye_bin_mass/total_mass
0.0  0.02       0.0      0.0
0.02  0.04       0.0      0.0
0.04  0.06       0.0      0.0
0.06  0.08       0.0      0.0
0.08  0.1       0.0      0.0
0.1  0.12       1.0865397990628635e-08      1.2458304287431696e-06
0.12  0.14       1.2972948444863802e-05      0.0014874829193617619
0.14  0.16       0.00014340458648034145      0.016442821294961527
0.16  0.18       0.0006343484781750824      0.07273462391520888
0.18  0.2       0.0011653346938620566      0.13361769375918273
0.2  0.22       0.0010212021012900327      0.1170913990247659
0.22  0.24       0.000706436362192676      0.08100024653945942
0.24  0.26       0.0007152728956618434      0.08201344663484399
0.26  0.28       0.0009404056561781074      0.10782724966350626
0.28  0.3       0.0007637652147668478      0.08757359332744047
0.3  0.32       0.0004188006839770108      0.048019836560706144
0.32  0.34       0.0003304970665809264      0.03789491213409784
0.34  0.36       0.0002556653758410411      0.029314683647441758
0.36  0.38       0.00022105398661598013      0.025346129351055634
0.38  0.4       0.000203229987268179      0.023302423196109322
0.4  0.42       0.0001780945936212223      0.020420389949759303
0.42  0.44       0.00016221332720672114      0.0185994382493957
0.44  0.46       0.0001832086746929509      0.021006772318791177
0.46  0.48       0.0002404089652862722      0.027565378143959703
0.48  0.5       0.00042482960999998975      0.048711115379811244
0.5  0.52       2.5382783339222577e-07      2.9103990371519805e-05
0.52  0.54       1.2357664791202307e-10      1.416934275059832e-08
0.54  0.56       0.0      0.0
