#o/p  it       t_pb[ms]       level        ejecta_mass[M]
#29  112000  41.04433497771705  6     3.4493850851025266e-05
#  ye_bin          ye_bin_mass           ye_bin_mass/total_mass
0.0  0.02       0.0      0.0
0.02  0.04       0.0      0.0
0.04  0.06       0.0      0.0
0.06  0.08       0.0      0.0
0.08  0.1       5.111377068878262e-07      0.014818226851370339
0.1  0.12       2.510248420818127e-05      0.7277379471661728
0.12  0.14       8.412473961806844e-06      0.24388329381196935
0.14  0.16       4.6775497414932167e-07      0.013560532170487381
0.16  0.18       0.0      0.0
0.18  0.2       0.0      0.0
0.2  0.22       0.0      0.0
0.22  0.24       0.0      0.0
0.24  0.26       0.0      0.0
0.26  0.28       0.0      0.0
0.28  0.3       0.0      0.0
0.3  0.32       0.0      0.0
0.32  0.34       0.0      0.0
0.34  0.36       0.0      0.0
0.36  0.38       0.0      0.0
0.38  0.4       0.0      0.0
0.4  0.42       0.0      0.0
0.42  0.44       0.0      0.0
0.44  0.46       0.0      0.0
0.46  0.48       0.0      0.0
0.48  0.5       0.0      0.0
0.5  0.52       0.0      0.0
0.52  0.54       0.0      0.0
0.54  0.56       0.0      0.0
