#o/p  it       t_pb[ms]       level        ejecta_mass[M]
#19  367000  166.6600985318269  5     0.007403127273053056
#  ye_bin          ye_bin_mass           ye_bin_mass/total_mass
0.0  0.02       0.0      0.0
0.02  0.04       0.0      0.0
0.04  0.06       0.0      0.0
0.06  0.08       0.0      0.0
0.08  0.1       0.0      0.0
0.1  0.12       2.3593903402475745e-06      0.0003187018476415522
0.12  0.14       6.265244266338011e-05      0.008462969817016558
0.14  0.16       0.00026045068678526024      0.03518117103474437
0.16  0.18       0.0008539959827008541      0.11535611251873906
0.18  0.2       0.001221916128723343      0.16505404860065626
0.2  0.22       0.0011047245042788622      0.1492240324301858
0.22  0.24       0.0007219959784961707      0.09752580927849144
0.24  0.26       0.0005325558748257608      0.0719366093791515
0.26  0.28       0.0003431071514740355      0.046346245150063164
0.28  0.3       0.00024198540656776153      0.032686916980148924
0.3  0.32       0.0002266494506043413      0.030615365945325816
0.32  0.34       0.00020930638038190182      0.028272697829168036
0.34  0.36       0.00019443553115253308      0.02626397250527718
0.36  0.38       0.0001819369391246798      0.024575687059564606
0.38  0.4       0.0001770938129859688      0.023921487022191254
0.4  0.42       0.0001719505003782824      0.023226738381787928
0.42  0.44       0.0001751261643832048      0.023655700884767126
0.44  0.46       0.00017531313888648876      0.023680957036172835
0.46  0.48       0.00021832997569637083      0.029491587493177242
0.48  0.5       0.000327220302749965      0.04420028059507061
0.5  0.52       2.1529853634038973e-08      2.908210657461795e-06
0.52  0.54       0.0      0.0
0.54  0.56       0.0      0.0
