#o/p  it       t_pb[ms]       level        ejecta_mass[M]
#84  265000  116.41379311018295  6     0.004887401143086166
#  ye_bin          ye_bin_mass           ye_bin_mass/total_mass
0.0  0.02       0.0      0.0
0.02  0.04       0.0      0.0
0.04  0.06       0.0      0.0
0.06  0.08       0.0      0.0
0.08  0.1       7.663106864207556e-05      0.015679308163701625
0.1  0.12       0.00023185564081134737      0.04743945381674592
0.12  0.14       0.000288484464054019      0.05902614817327119
0.14  0.16       0.00048070194237792346      0.09835532797587852
0.16  0.18       0.000760381067088339      0.15557983575053833
0.18  0.2       0.0006248073485806883      0.12784040644270742
0.2  0.22       0.0004134087955873513      0.08458663070293897
0.22  0.24       0.0002653181363537551      0.05428613870360948
0.24  0.26       0.00020755674932854874      0.04246771305485401
0.26  0.28       0.00016411262560018635      0.033578709992394214
0.28  0.3       0.00013681050819141903      0.02799248602397911
0.3  0.32       0.00011575551159507179      0.0236844711956624
0.32  0.34       0.0001169050815890209      0.023919682090019892
0.34  0.36       0.00011419088834923741      0.023364337202149768
0.36  0.38       0.00011555054218549884      0.023642532872293363
0.38  0.4       0.00013306745222129156      0.027226627879631274
0.4  0.42       0.00015231690488391825      0.031165214482013488
0.42  0.44       0.00015295432692113726      0.03129563595112509
0.44  0.46       0.00016239518885236213      0.03322730917679844
0.46  0.48       0.0001702551357338992      0.034835514980133396
0.48  0.5       3.941764139028881e-06      0.0008065153695446085
0.5  0.52       0.0      0.0
0.52  0.54       0.0      0.0
0.54  0.56       0.0      0.0
