#o/p  it       t_pb[ms]       level        ejecta_mass[M]
#2  32000  1.635467980349258  6     0.00022128730474662724
#  ye_bin          ye_bin_mass           ye_bin_mass/total_mass
0.0  0.02       0.0      0.0
0.02  0.04       0.0      0.0
0.04  0.06       0.0      0.0
0.06  0.08       0.0      0.0
0.08  0.1       0.0      0.0
0.1  0.12       0.0      0.0
0.12  0.14       0.0      0.0
0.14  0.16       0.0      0.0
0.16  0.18       0.0      0.0
0.18  0.2       0.0      0.0
0.2  0.22       0.0      0.0
0.22  0.24       0.0      0.0
0.24  0.26       0.0      0.0
0.26  0.28       0.0      0.0
0.28  0.3       0.0      0.0
0.3  0.32       0.0      0.0
0.32  0.34       0.0      0.0
0.34  0.36       0.00014232671374277806      0.6431761365874169
0.36  0.38       7.89605910038492e-05      0.35682386341258326
0.38  0.4       0.0      0.0
0.4  0.42       0.0      0.0
0.42  0.44       0.0      0.0
0.44  0.46       0.0      0.0
0.46  0.48       0.0      0.0
0.48  0.5       0.0      0.0
0.5  0.52       0.0      0.0
0.52  0.54       0.0      0.0
0.54  0.56       0.0      0.0
