#o/p  it       t_pb[ms]       level        ejecta_mass[M]
#95  280000  123.80295567218941  6     0.005326671571227409
#  ye_bin          ye_bin_mass           ye_bin_mass/total_mass
0.0  0.02       0.0      0.0
0.02  0.04       0.0      0.0
0.04  0.06       0.0      0.0
0.06  0.08       0.0      0.0
0.08  0.1       2.1034162945498917e-05      0.003948837968369819
0.1  0.12       0.00022198782012549834      0.041674771413463804
0.12  0.14       0.0003025496394937645      0.056799003927334106
0.14  0.16       0.00036273778710381715      0.06809839545264709
0.16  0.18       0.0008368234286943886      0.15710062418989384
0.18  0.2       0.0008560722103140626      0.16071428449582456
0.2  0.22       0.0005299497301211734      0.09948984521286314
0.22  0.24       0.00029753829054176753      0.055858200860168045
0.24  0.26       0.0002201637839749748      0.04133233690701211
0.26  0.28       0.00015784877216529425      0.0296336596042323
0.28  0.3       0.00011738556849437094      0.02203732047765846
0.3  0.32       9.658181781756505e-05      0.018131738840303606
0.32  0.34       8.883284395271588e-05      0.01667698914131595
0.34  0.36       8.662942927391882e-05      0.016263332198263737
0.36  0.38       9.328614766432154e-05      0.017513027866823388
0.38  0.4       0.0001276760276750659      0.02396919464018051
0.4  0.42       0.00015423794891988334      0.028955783523995783
0.42  0.44       0.00016472940287807998      0.03092539133966577
0.44  0.46       0.00020209648541900357      0.03794048172796114
0.46  0.48       0.0003435887255469801      0.0645034560424021
0.48  0.5       4.488409414637185e-05      0.008426292769544517
0.5  0.52       3.7453958888044045e-08      7.031400075490977e-06
0.52  0.54       0.0      0.0
0.54  0.56       0.0      0.0
