#o/p  it       t_pb[ms]       level        ejecta_mass[M]
#7  329000  147.9408867080772  5     0.006154175986464291
#  ye_bin          ye_bin_mass           ye_bin_mass/total_mass
0.0  0.02       0.0      0.0
0.02  0.04       0.0      0.0
0.04  0.06       0.0      0.0
0.06  0.08       0.0      0.0
0.08  0.1       0.0      0.0
0.1  0.12       2.074241009603618e-05      0.0033704609913102514
0.12  0.14       0.000147037728377249      0.02389235028388023
0.14  0.16       0.00036745466351751174      0.059708182594339895
0.16  0.18       0.0009884761323105604      0.16061876268807543
0.18  0.2       0.0011807424607604474      0.19186036657993102
0.2  0.22       0.000863517952506367      0.14031414675264706
0.22  0.24       0.0005167232248010808      0.08396302379678122
0.24  0.26       0.000310793980862777      0.05050131513079056
0.26  0.28       0.0002442536846927734      0.03968909651430077
0.28  0.3       0.00020444387720601633      0.033220349508313915
0.3  0.32       0.00016453344647570376      0.026735252101594813
0.32  0.34       0.00013826113009774544      0.022466229500398067
0.34  0.36       0.00010934405894604976      0.017767457282103223
0.36  0.38       9.641770289102545e-05      0.01566703700106885
0.38  0.4       8.79791497984866e-05      0.0142958456163735
0.4  0.42       9.016355165833906e-05      0.014650791894259753
0.42  0.44       0.00010720627753375791      0.017420086420919897
0.44  0.46       0.00013329123001781443      0.021658664021142686
0.46  0.48       0.0001723356328113127      0.028003039430519
0.48  0.5       0.00021045769110324787      0.0341975418912517
0.5  0.52       0.0      0.0
0.52  0.54       0.0      0.0
0.54  0.56       0.0      0.0
