#o/p  it       t_pb[ms]       level        ejecta_mass[M]
#81  262000  114.93596059778166  6     0.004835462855326675
#  ye_bin          ye_bin_mass           ye_bin_mass/total_mass
0.0  0.02       0.0      0.0
0.02  0.04       0.0      0.0
0.04  0.06       0.0      0.0
0.06  0.08       0.0      0.0
0.08  0.1       7.576247710964706e-05      0.015668092047525135
0.1  0.12       0.00022646138927725275      0.046833446156614805
0.12  0.14       0.0003329280396369144      0.06885132811436359
0.14  0.16       0.0005038313925887283      0.10419507039201324
0.16  0.18       0.0007358328796008159      0.15217423887151424
0.18  0.2       0.0005965525948448954      0.12337031897323786
0.2  0.22       0.00039306360705004497      0.0812876903018812
0.22  0.24       0.000257249884993592      0.05320067441118057
0.24  0.26       0.00019674243279260847      0.04068740442828133
0.26  0.28       0.0001673900190997332      0.034617165741504724
0.28  0.3       0.00015412170372499414      0.03187320600658031
0.3  0.32       0.00012673188813689263      0.02620884327490731
0.32  0.34       0.00010926809174300783      0.022597235262109334
0.34  0.36       0.00010493122454096189      0.021700347553155367
0.36  0.38       0.00010821522171775544      0.022379496018369187
0.38  0.4       0.00012585751250734602      0.026028017642344872
0.4  0.42       0.0001442507964293107      0.029831848727864
0.42  0.44       0.0001423008802477665      0.029428595463412553
0.44  0.46       0.0001660569500583835      0.034341479818308936
0.46  0.48       0.00016399341969913553      0.03391473052439701
0.48  0.5       3.920449526902671e-06      0.0008107702704372884
0.5  0.52       0.0      0.0
0.52  0.54       0.0      0.0
0.54  0.56       0.0      0.0
