#o/p  it       t_pb[ms]       level        ejecta_mass[M]
#54  200000  84.39408867482162  6     0.001569145669146734
#  ye_bin          ye_bin_mass           ye_bin_mass/total_mass
0.0  0.02       0.0      0.0
0.02  0.04       0.0      0.0
0.04  0.06       0.0      0.0
0.06  0.08       0.0      0.0
0.08  0.1       4.414693864796079e-05      0.02813437879987707
0.1  0.12       0.00014823578440017023      0.09446910335659117
0.12  0.14       0.0002542159988761906      0.162009177270602
0.14  0.16       0.0002366311486360861      0.15080253751378023
0.16  0.18       0.00018910362908013833      0.12051375012427534
0.18  0.2       0.0001597109668399319      0.10178211620516986
0.2  0.22       9.385927737193218e-05      0.05981552842252736
0.22  0.24       6.249785695271903e-05      0.03982922566182396
0.24  0.26       4.790502300157928e-05      0.03052936635744529
0.26  0.28       4.503078990565969e-05      0.028697647892783857
0.28  0.3       4.882272404142491e-05      0.0311142075598205
0.3  0.32       4.6396695616262984e-05      0.029568125208854868
0.32  0.34       4.637067765984499e-05      0.029551544239395135
0.34  0.36       3.544986461264031e-05      0.02259182516299914
0.36  0.38       3.282728780240519e-05      0.020920484597364328
0.38  0.4       3.0099368550023532e-05      0.019182010403400528
0.4  0.42       2.392672162995042e-05      0.015248247565798803
0.42  0.44       1.6331372249406775e-05      0.010407811441934136
0.44  0.46       5.676061370607357e-06      0.003617294099721074
0.46  0.48       1.9074819018002173e-06      0.0012156181158359013
0.48  0.5       0.0      0.0
0.5  0.52       0.0      0.0
0.52  0.54       0.0      0.0
0.54  0.56       0.0      0.0
