#o/p  it       t_pb[ms]       level        ejecta_mass[M]
#32  394000  179.9605911434385  5     0.00782050240565184
#  ye_bin          ye_bin_mass           ye_bin_mass/total_mass
0.0  0.02       0.0      0.0
0.02  0.04       0.0      0.0
0.04  0.06       0.0      0.0
0.06  0.08       0.0      0.0
0.08  0.1       0.0      0.0
0.1  0.12       7.60551754435135e-07      9.725100958801417e-05
0.12  0.14       3.231230114781056e-05      0.004131742370472083
0.14  0.16       0.00021568024736731253      0.02757882245665463
0.16  0.18       0.0007627897414864659      0.09753717880518793
0.18  0.2       0.001200092796043074      0.1534546930355488
0.2  0.22       0.0010512488391890243      0.13442216173084887
0.22  0.24       0.0007049810062846643      0.0901452323287028
0.24  0.26       0.0006371801476168459      0.08147560278945236
0.26  0.28       0.0005815054561347502      0.07435653439790503
0.28  0.3       0.0003836648052590575      0.049058843710831766
0.3  0.32       0.0002783417785851209      0.035591291217296296
0.32  0.34       0.00022530695967039517      0.028809780751114775
0.34  0.36       0.00020421380261691213      0.026112619372040315
0.36  0.38       0.00017963771961615815      0.022970099655788716
0.38  0.4       0.00017788239911657806      0.022745648538899915
0.4  0.42       0.0002015123048123523      0.02576718148781852
0.42  0.44       0.00018542373583903807      0.023709951895805725
0.44  0.46       0.0001688012345771859      0.0215844489038446
0.46  0.48       0.00018563966190252474      0.023737562150529336
0.48  0.5       0.00044297014096231153      0.056642159030880046
0.5  0.52       4.942991331741367e-07      6.320554710358622e-05
0.52  0.54       6.247653666496845e-08      7.988813687956537e-06
0.54  0.56       0.0      0.0
