#o/p  it       t_pb[ms]       level        ejecta_mass[M]
#24  378000  172.07881774396495  5     0.007500418717609495
#  ye_bin          ye_bin_mass           ye_bin_mass/total_mass
0.0  0.02       0.0      0.0
0.02  0.04       0.0      0.0
0.04  0.06       0.0      0.0
0.06  0.08       0.0      0.0
0.08  0.1       0.0      0.0
0.1  0.12       1.5568376236339365e-06      0.00020756676157009614
0.12  0.14       4.4055543917925e-05      0.00587374459701714
0.14  0.16       0.00024145761997918902      0.032192552052100025
0.16  0.18       0.0008084965600768612      0.10779352333739338
0.18  0.2       0.0011987626957936858      0.15982610317197743
0.2  0.22       0.001088801219538858      0.14516539149775315
0.22  0.24       0.0007139842425777088      0.09519258450217125
0.24  0.26       0.0005774982256232567      0.07699546483550385
0.26  0.28       0.0004223629586806805      0.056311917318569965
0.28  0.3       0.00028683710213136583      0.03824281189234532
0.3  0.32       0.000251777957678307      0.03356852025969994
0.32  0.34       0.00022760917538233602      0.030346195852766836
0.34  0.36       0.00021372239002246337      0.02849472783708536
0.36  0.38       0.00019571298454587225      0.026093607825704048
0.38  0.4       0.00018426542609460377      0.02456735190823215
0.4  0.42       0.00016695787269363708      0.022259806949397786
0.42  0.44       0.00016061132740363498      0.021413648150942752
0.44  0.46       0.00017454014114642115      0.023270719638176403
0.46  0.48       0.00021965235511582393      0.02928534571011666
0.48  0.5       0.00032174214006760527      0.0428965571364994
0.5  0.52       1.394151560650063e-08      1.8587649745165182e-06
0.52  0.54       0.0      0.0
0.54  0.56       0.0      0.0
