#o/p  it       t_pb[ms]       level        ejecta_mass[M]
#70  243000  105.57635468590681  6     0.004171126325253789
#  ye_bin          ye_bin_mass           ye_bin_mass/total_mass
0.0  0.02       0.0      0.0
0.02  0.04       0.0      0.0
0.04  0.06       0.0      0.0
0.06  0.08       6.025591394488049e-06      0.0014445957577469022
0.08  0.1       3.6101777964806716e-05      0.00865516293434487
0.1  0.12       0.00023293260317739552      0.05584405386313082
0.12  0.14       0.00040920600888849103      0.09810443918012797
0.14  0.16       0.0004950480712945707      0.11868450693936965
0.16  0.18       0.0005407094381027319      0.12963151818947438
0.18  0.2       0.0005070970618838303      0.12157317288945363
0.2  0.22       0.00030434782538632846      0.07296538192662162
0.22  0.24       0.00022462412535922312      0.05385215115621223
0.24  0.26       0.00020449406206943891      0.0490261013749078
0.26  0.28       0.00018813708344339226      0.04510462373300219
0.28  0.3       0.00017681089525026548      0.04238924488567427
0.3  0.32       0.00013515212853764275      0.032401830584553086
0.32  0.34       9.973582303980797e-05      0.02391100514888856
0.34  0.36       8.496791140931468e-05      0.02037049582864045
0.36  0.38       9.340700052419196e-05      0.022393711731688845
0.38  0.4       0.00010706303358253508      0.02566765550454071
0.4  0.42       0.00011423410570190214      0.02738687270396963
0.42  0.44       9.07850302203719e-05      0.021765111660781013
0.44  0.46       8.590645304736307e-05      0.020595504990402358
0.46  0.48       3.434029497570968e-05      0.008232859016472072
0.48  0.5       0.0      0.0
0.5  0.52       0.0      0.0
0.52  0.54       0.0      0.0
0.54  0.56       0.0      0.0
