#o/p  it       t_pb[ms]       level        ejecta_mass[M]
#101  289000  128.2364532093933  6     0.005604589178446255
#  ye_bin          ye_bin_mass           ye_bin_mass/total_mass
0.0  0.02       0.0      0.0
0.02  0.04       0.0      0.0
0.04  0.06       0.0      0.0
0.06  0.08       1.0622424510025465e-07      1.895308321772532e-05
0.08  0.1       1.2573442151858703e-05      0.002243419053837663
0.1  0.12       0.0002279012796441321      0.04066333363390473
0.12  0.14       0.00028197203931695243      0.05031092027250475
0.14  0.16       0.00038371709037518677      0.06846480235355334
0.16  0.18       0.0007995837702211075      0.14266590195336562
0.18  0.2       0.0009497559381817305      0.16946040252767086
0.2  0.22       0.0005985435597124291      0.10679526021537258
0.22  0.24       0.00032933476305495535      0.0587616241920975
0.24  0.26       0.00022905291877324638      0.04086881508712938
0.26  0.28       0.00017833558596795426      0.031819564340912806
0.28  0.3       0.00014266894349335927      0.025455736174566677
0.3  0.32       0.00011454863164714904      0.020438363633800728
0.32  0.34       0.00010295600309744874      0.01836994645270163
0.34  0.36       0.00010100991448004016      0.018022715182853574
0.36  0.38       0.00010383803244415056      0.018527322723935546
0.38  0.4       0.00011875839123680953      0.021189490871788143
0.4  0.42       0.00014149055669785432      0.025245482263354647
0.42  0.44       0.00014563526090223143      0.025985001980574334
0.44  0.46       0.00017820750128702613      0.0317967108048462
0.46  0.48       0.0003176429180095941      0.05667550428694461
0.48  0.5       0.00014695641350590514      0.026220728911060965
0.5  0.52       0.0      0.0
0.52  0.54       0.0      0.0
0.54  0.56       0.0      0.0
