#o/p  it       t_pb[ms]       level        ejecta_mass[M]
#96  282000  124.78817734712361  6     0.0053584518861558685
#  ye_bin          ye_bin_mass           ye_bin_mass/total_mass
0.0  0.02       0.0      0.0
0.02  0.04       0.0      0.0
0.04  0.06       0.0      0.0
0.06  0.08       0.0      0.0
0.08  0.1       1.6849243382913972e-05      0.0031444237516521866
0.1  0.12       0.00020859547228983238      0.03892830928066388
0.12  0.14       0.00028828741107002364      0.05380050380126486
0.14  0.16       0.0003555359217811315      0.06635049251812757
0.16  0.18       0.0008272790067870863      0.15438768964678953
0.18  0.2       0.0008902559005852338      0.16614050466428648
0.2  0.22       0.0005519156145739219      0.10299908001410905
0.22  0.24       0.0003062599620595938      0.057154560415266405
0.24  0.26       0.00021623323355717225      0.04035367642580385
0.26  0.28       0.00016457614221298172      0.030713375002616283
0.28  0.3       0.00012270581807021457      0.022899490501582766
0.3  0.32       9.87846539065107e-05      0.018435297359248738
0.32  0.34       9.093763597252426e-05      0.0169708785120328
0.34  0.36       8.91853032641154e-05      0.01664385631501799
0.36  0.38       9.519553915842935e-05      0.01776549294104463
0.38  0.4       0.00012047220574997216      0.022482651390642313
0.4  0.42       0.00014843985017898962      0.027702002991293023
0.42  0.44       0.00015843429734066183      0.029567177368895244
0.44  0.46       0.00019788644489495324      0.03692977917861201
0.46  0.48       0.000340289158568094      0.06350512532309328
0.48  0.5       7.029829021888309e-05      0.01311914181790196
0.5  0.52       3.478053262488284e-08      6.490780054355261e-06
0.52  0.54       0.0      0.0
0.54  0.56       0.0      0.0
