#o/p  it       t_pb[ms]       level        ejecta_mass[M]
#87  269000  118.38423646005134  6     0.004851871878452564
#  ye_bin          ye_bin_mass           ye_bin_mass/total_mass
0.0  0.02       0.0      0.0
0.02  0.04       0.0      0.0
0.04  0.06       0.0      0.0
0.06  0.08       0.0      0.0
0.08  0.1       4.759565950643324e-05      0.00980975192642828
0.1  0.12       0.00024130369488476039      0.049734144043746015
0.12  0.14       0.00025507879099112427      0.05257327427048178
0.14  0.16       0.00045838624517947614      0.09447616438826327
0.16  0.18       0.0008066129693582626      0.16624778839286258
0.18  0.2       0.0006779074244409323      0.13972080084215688
0.2  0.22       0.00044110862218669844      0.09091514228677114
0.22  0.24       0.0002705567671649377      0.05576337832960832
0.24  0.26       0.00019626380599401433      0.04045115182567638
0.26  0.28       0.00015276038493336423      0.03148483487616021
0.28  0.3       0.00012790085758113422      0.026361136646898927
0.3  0.32       0.00011069223671762517      0.022814336299607503
0.32  0.34       0.00010109645331637438      0.020836587578775406
0.34  0.36       9.559638889646752e-05      0.01970299119418558
0.36  0.38       9.844681447563217e-05      0.02029048106419298
0.38  0.4       0.00011968323403302512      0.024667434967634884
0.4  0.42       0.00013784303552946702      0.028410279369007186
0.42  0.44       0.00014178159832162407      0.029222040868656103
0.44  0.46       0.00015015054990670266      0.03094693216725893
0.46  0.48       0.0002112841347265629      0.04354693199234869
0.48  0.5       9.821929384175043e-06      0.0020243587691989116
0.5  0.52       2.80923787950831e-10      5.790008371787996e-08
0.52  0.54       0.0      0.0
0.54  0.56       0.0      0.0
