#o/p  it       t_pb[ms]       level        ejecta_mass[M]
#100  287000  127.25123153445908  6     0.005515407574227908
#  ye_bin          ye_bin_mass           ye_bin_mass/total_mass
0.0  0.02       0.0      0.0
0.02  0.04       0.0      0.0
0.04  0.06       0.0      0.0
0.06  0.08       0.0      0.0
0.08  0.1       1.5834099096534395e-05      0.0028708846777748755
0.1  0.12       0.00023154369042302871      0.04198124749746025
0.12  0.14       0.00028466005870590223      0.05161179022127867
0.14  0.16       0.00036304744878068316      0.06582422856238426
0.16  0.18       0.0007968201077392246      0.1444716636106027
0.18  0.2       0.0009347288108259126      0.1694759268913619
0.2  0.22       0.0005857584439388233      0.10620401775490229
0.22  0.24       0.0003233231068634838      0.058621797666284926
0.24  0.26       0.0002271990858631379      0.041193526100370394
0.26  0.28       0.00017541792960627735      0.03180507102067317
0.28  0.3       0.00014263832287617767      0.025861791890537725
0.3  0.32       0.00011380534638295444      0.020634077328162977
0.32  0.34       0.00010007677855549161      0.018144947079364517
0.34  0.36       9.37144744516088e-05      0.016991396046506627
0.36  0.38       9.587128740192584e-05      0.01738244837061687
0.38  0.4       0.00011791909884989036      0.021379942871474485
0.4  0.42       0.00013574433856940621      0.024611841780053545
0.42  0.44       0.0001411389570898872      0.025589941484903768
0.44  0.46       0.0001840026144365629      0.033361562488393455
0.46  0.48       0.000341534215235303      0.061923658521847995
0.48  0.5       0.00011062935853571585      0.020058238135048912
0.5  0.52       0.0      0.0
0.52  0.54       0.0      0.0
0.54  0.56       0.0      0.0
