#o/p  it       t_pb[ms]       level        ejecta_mass[M]
#35  398000  181.9310344933069  5     0.007905910280349883
#  ye_bin          ye_bin_mass           ye_bin_mass/total_mass
0.0  0.02       0.0      0.0
0.02  0.04       0.0      0.0
0.04  0.06       0.0      0.0
0.06  0.08       0.0      0.0
0.08  0.1       0.0      0.0
0.1  0.12       4.145711035311697e-07      5.243812398954046e-05
0.12  0.14       3.036606935646686e-05      0.0038409327047312486
0.14  0.16       0.00020599960151172937      0.02605640517117185
0.16  0.18       0.0007477569132939369      0.0945820135541488
0.18  0.2       0.0012041478256564536      0.152309826820241
0.2  0.22       0.0010544064675288276      0.1333693945590999
0.22  0.24       0.0006993327666441636      0.08845695711755713
0.24  0.26       0.000654153726564198      0.08274236657986055
0.26  0.28       0.0006226508075360541      0.07875763643354908
0.28  0.3       0.00043212254385114056      0.05465816440203981
0.3  0.32       0.00029193414873336757      0.03692606396748127
0.32  0.34       0.00024470643361431326      0.030952341341708673
0.34  0.36       0.00020846464398420418      0.02636820259677655
0.36  0.38       0.0001814197241324718      0.02294735428295841
0.38  0.4       0.00017915235719980887      0.022660560371535146
0.4  0.42       0.00020113147366974244      0.02544064712821927
0.42  0.44       0.00017292192497061316      0.021872487650208997
0.44  0.46       0.00014903705768033715      0.018851346953780684
0.46  0.48       0.00018816292279123198      0.023800285624150125
0.48  0.5       0.00043723409253933513      0.05530471217540619
0.5  0.52       2.1546066513465148e-07      2.725311286041006e-05
0.52  0.54       6.165518349040995e-08      7.798619172754052e-06
0.54  0.56       1.1709213940492525e-07      1.4810709362077816e-05
