#o/p  it       t_pb[ms]       level        ejecta_mass[M]
#37  140000  54.83743842679577  6     0.00016899638888086984
#  ye_bin          ye_bin_mass           ye_bin_mass/total_mass
0.0  0.02       0.0      0.0
0.02  0.04       0.0      0.0
0.04  0.06       0.0      0.0
0.06  0.08       0.0      0.0
0.08  0.1       4.809165019722466e-07      0.00284572058111406
0.1  0.12       6.266099435314605e-05      0.3707830372477218
0.12  0.14       6.558993888284376e-05      0.388114440297774
0.14  0.16       9.883764439857738e-06      0.058485062937203194
0.16  0.18       5.223744365717974e-06      0.030910390454557783
0.18  0.2       3.6481903825701634e-06      0.021587386610620846
0.2  0.22       3.2239778929188154e-06      0.0190771998991735
0.22  0.24       2.452943707512182e-06      0.014514769953110233
0.24  0.26       2.1328365491707966e-06      0.012620604282108603
0.26  0.28       2.223661352911425e-06      0.013158040640021866
0.28  0.3       1.93332074739735e-06      0.011440012181326552
0.3  0.32       2.146735220503055e-06      0.012702846698199849
0.32  0.34       2.6651909636072805e-06      0.015770697712872705
0.34  0.36       1.9895665689954664e-06      0.011772834805351764
0.36  0.38       1.470405288117788e-06      0.008700808921747533
0.38  0.4       4.281510879021687e-07      0.0025334925245295275
0.4  0.42       3.845355264333304e-07      0.0022754067644865476
0.42  0.44       4.182012448012944e-07      0.0024746164552432886
0.44  0.46       3.931380449084155e-08      0.0002326310328355887
0.46  0.48       0.0      0.0
0.48  0.5       0.0      0.0
0.5  0.52       0.0      0.0
0.52  0.54       0.0      0.0
0.54  0.56       0.0      0.0
