#o/p  it       t_pb[ms]       level        ejecta_mass[M]
#52  427000  196.2167487798527  5     0.008607036868664118
#  ye_bin          ye_bin_mass           ye_bin_mass/total_mass
0.0  0.02       0.0      0.0
0.02  0.04       0.0      0.0
0.04  0.06       0.0      0.0
0.06  0.08       0.0      0.0
0.08  0.1       0.0      0.0
0.1  0.12       2.660076136218675e-08      3.0905829460348764e-06
0.12  0.14       1.4285380934628969e-05      0.001659732745730201
0.14  0.16       0.00014870339020798005      0.01727695517947282
0.16  0.18       0.0006393219467017178      0.07427898316891324
0.18  0.2       0.0011679366892874826      0.13569556016886863
0.2  0.22       0.0010194851554002785      0.11844786666500137
0.22  0.24       0.0007098389097888234      0.082471926241324
0.24  0.26       0.0006885177159939905      0.07999474459098652
0.26  0.28       0.0009241774367069953      0.10737463436129502
0.28  0.3       0.0007412618571371508      0.08612277005991269
0.3  0.32       0.0004176428783390397      0.04852342155748907
0.32  0.34       0.00033275816218643263      0.03866117541542254
0.34  0.36       0.00025073290993019666      0.02913115323614414
0.36  0.38       0.00021773172298573617      0.025296943223101342
0.38  0.4       0.0002007965977095822      0.023329352572036496
0.4  0.42       0.00016770129361934696      0.019484207652217894
0.42  0.44       0.00015305008838118551      0.01778197197439682
0.44  0.46       0.00016139238794942267      0.018751213735008907
0.46  0.48       0.0002247400188072279      0.026111195087991923
0.48  0.5       0.00042661341727762386      0.04956565468318224
0.5  0.52       8.558846530523676e-08      9.944010535941944e-06
0.52  0.54       0.0      0.0
0.54  0.56       2.3672009261068593e-07      2.7503088022373814e-05
