#o/p  it       t_pb[ms]       level        ejecta_mass[M]
#12  347000  156.80788178248494  5     0.006895057925487789
#  ye_bin          ye_bin_mass           ye_bin_mass/total_mass
0.0  0.02       0.0      0.0
0.02  0.04       0.0      0.0
0.04  0.06       0.0      0.0
0.06  0.08       0.0      0.0
0.08  0.1       0.0      0.0
0.1  0.12       6.813140201066076e-06      0.0009881193566019363
0.12  0.14       9.412196397627539e-05      0.013650641516491212
0.14  0.16       0.00031412924779971777      0.04555860896230176
0.16  0.18       0.0009110580724156572      0.13213204040649226
0.18  0.2       0.0012287731705026565      0.1782107103060671
0.2  0.22       0.0011144172565329521      0.1616255104128241
0.22  0.24       0.0007077827156370466      0.102650727997615
0.24  0.26       0.0003363604299786212      0.04878282874684123
0.26  0.28       0.000249413590153761      0.03617280563108776
0.28  0.3       0.00019780515947654878      0.028687961959732933
0.3  0.32       0.00019298187642608302      0.027988434399183176
0.32  0.34       0.00017488525418027031      0.02536385568768055
0.34  0.36       0.00015227883986853105      0.02208521545636734
0.36  0.38       0.00014188657554065426      0.02057801066705564
0.38  0.4       0.00013927639893761975      0.020199453063734295
0.4  0.42       0.00013999866058967965      0.020304203692353386
0.42  0.44       0.00014942549896470838      0.0216713913906876
0.44  0.46       0.00016691863555349625      0.02420844572407093
0.46  0.48       0.00021121392985993644      0.03063265488737633
0.48  0.5       0.00026513114794185966      0.03845234526047916
0.5  0.52       3.8636095063253713e-07      5.603447495405981e-05
0.52  0.54       0.0      0.0
0.54  0.56       0.0      0.0
