#o/p  it       t_pb[ms]       level        ejecta_mass[M]
#30  390000  177.99014779357012  5     0.00766314631692917
#  ye_bin          ye_bin_mass           ye_bin_mass/total_mass
0.0  0.02       0.0      0.0
0.02  0.04       0.0      0.0
0.04  0.06       0.0      0.0
0.06  0.08       0.0      0.0
0.08  0.1       0.0      0.0
0.1  0.12       9.760807160096132e-07      0.0001273733627992053
0.12  0.14       3.498364366610469e-05      0.00456518017786245
0.14  0.16       0.00022392354926880015      0.029220836978424335
0.16  0.18       0.0007726355309977894      0.10082484387527724
0.18  0.2       0.0011968280748472049      0.15617972375174563
0.2  0.22       0.001058482632546586      0.13812637639558323
0.22  0.24       0.0006950110930637614      0.09069526592861286
0.24  0.26       0.0006293068882760448      0.08212121526190891
0.26  0.28       0.0005578161111179346      0.072792047554361
0.28  0.3       0.0003443007826955136      0.044929428260412525
0.3  0.32       0.00025907992923390147      0.033808558328261414
0.32  0.34       0.00022170559986997755      0.02893140633112966
0.34  0.36       0.0002008195200256509      0.026205883552295882
0.36  0.38       0.00017661274385499017      0.023047027493762334
0.38  0.4       0.00016825015643110304      0.02195575413448786
0.4  0.42       0.00017607646461389914      0.022977045893658173
0.42  0.44       0.00017433395056283072      0.02274965704069853
0.44  0.46       0.00016854924784616716      0.021994783979762164
0.46  0.48       0.000193009214246037      0.02518668002197053
0.48  0.5       0.0004101726343012691      0.053525355948786886
0.5  0.52       2.724687476209282e-07      3.5555728202526844e-05
0.52  0.54       0.0      0.0
0.54  0.56       0.0      0.0
