#o/p  it       t_pb[ms]       level        ejecta_mass[M]
#40  151000  60.25615763893384  6     0.0002417279934495838
#  ye_bin          ye_bin_mass           ye_bin_mass/total_mass
0.0  0.02       0.0      0.0
0.02  0.04       0.0      0.0
0.04  0.06       0.0      0.0
0.06  0.08       8.746183240656715e-06      0.036181921323402165
0.08  0.1       1.6317195498800203e-05      0.06750229986169728
0.1  0.12       4.9909096289290776e-05      0.20646800387932773
0.12  0.14       9.630395607523674e-05      0.39839802871371804
0.14  0.16       2.2212933880110752e-05      0.09189226933596174
0.16  0.18       1.1442002526299057e-05      0.04733420553828188
0.18  0.2       6.835466827624094e-06      0.02827751444952005
0.2  0.22       4.430644444683333e-06      0.018329049860778386
0.22  0.24       3.57802003493928e-06      0.014801843939872576
0.24  0.26       2.344721237480062e-06      0.009699833287902134
0.26  0.28       1.966879548678699e-06      0.008136747095817526
0.28  0.3       1.9451691537853396e-06      0.008046933770585555
0.3  0.32       2.2201639466850923e-06      0.009184554568969036
0.32  0.34       3.014798640524426e-06      0.012471863922343814
0.34  0.36       2.357527672537235e-06      0.009752811988773384
0.36  0.38       3.27642410993918e-06      0.013554177417281751
0.38  0.4       3.588345693179637e-06      0.014844559961682895
0.4  0.42       8.843829867866253e-07      0.0036585873823135728
0.42  0.44       1.8650748073293306e-08      7.715592971727212e-05
0.44  0.46       1.8339888993422385e-07      0.0007586994262312221
0.46  0.48       1.520320043390271e-07      0.0006289383458218949
0.48  0.5       0.0      0.0
0.5  0.52       0.0      0.0
0.52  0.54       0.0      0.0
0.54  0.56       0.0      0.0
