#o/p  it       t_pb[ms]       level        ejecta_mass[M]
#30  115000  42.52216749011834  6     7.004361122972458e-05
#  ye_bin          ye_bin_mass           ye_bin_mass/total_mass
0.0  0.02       0.0      0.0
0.02  0.04       0.0      0.0
0.04  0.06       0.0      0.0
0.06  0.08       0.0      0.0
0.08  0.1       2.910219505185819e-05      0.4154867880299698
0.1  0.12       3.161667574657869e-05      0.45138557523660977
0.12  0.14       9.324740431287705e-06      0.13312763673342046
0.14  0.16       0.0      0.0
0.16  0.18       0.0      0.0
0.18  0.2       0.0      0.0
0.2  0.22       0.0      0.0
0.22  0.24       0.0      0.0
0.24  0.26       0.0      0.0
0.26  0.28       0.0      0.0
0.28  0.3       0.0      0.0
0.3  0.32       0.0      0.0
0.32  0.34       0.0      0.0
0.34  0.36       0.0      0.0
0.36  0.38       0.0      0.0
0.38  0.4       0.0      0.0
0.4  0.42       0.0      0.0
0.42  0.44       0.0      0.0
0.44  0.46       0.0      0.0
0.46  0.48       0.0      0.0
0.48  0.5       0.0      0.0
0.5  0.52       0.0      0.0
0.52  0.54       0.0      0.0
0.54  0.56       0.0      0.0
