#o/p  it       t_pb[ms]       level        ejecta_mass[M]
#17  362000  164.1970443444914  5     0.007277100204557705
#  ye_bin          ye_bin_mass           ye_bin_mass/total_mass
0.0  0.02       0.0      0.0
0.02  0.04       0.0      0.0
0.04  0.06       0.0      0.0
0.06  0.08       3.073572455849559e-07      4.22362255493549e-05
0.08  0.1       6.332761267076808e-07      8.702314231031957e-05
0.1  0.12       3.3225539543171078e-06      0.00045657663917231294
0.12  0.14       7.117676930952876e-05      0.009780924723964936
0.14  0.16       0.000270725673064308      0.03720241105031787
0.16  0.18       0.0008635892163127079      0.1186721622675795
0.18  0.2       0.001243230182041573      0.17084142681763928
0.2  0.22       0.0011218083872185007      0.15415596263411396
0.22  0.24       0.0007443207049393159      0.10228259664105518
0.24  0.26       0.0004957972939011481      0.06813116213387117
0.26  0.28       0.0003195398448517375      0.04391032634834507
0.28  0.3       0.0002300142308378152      0.031607951570291073
0.3  0.32       0.00021402577315582372      0.029410859702299785
0.32  0.34       0.0001954237775939363      0.026854622322163554
0.34  0.36       0.00017930556406173728      0.024639699745983543
0.36  0.38       0.00017368810005614788      0.023867762594139582
0.38  0.4       0.0001705584151891831      0.023437689518465202
0.4  0.42       0.00016136786373666055      0.02217474807280991
0.42  0.44       0.00016142686208926664      0.022182855471491753
0.44  0.46       0.00015756127666124333      0.021651656873236603
0.46  0.48       0.00019477163066795793      0.02676500600417333
0.48  0.5       0.00030412662789709434      0.04179228255048865
0.5  0.52       3.788236454263154e-07      5.205695054041652e-05
0.52  0.54       0.0      0.0
0.54  0.56       0.0      0.0
