#o/p  it       t_pb[ms]       level        ejecta_mass[M]
#6  325000  145.9704433582088  5     0.005938719305608066
#  ye_bin          ye_bin_mass           ye_bin_mass/total_mass
0.0  0.02       0.0      0.0
0.02  0.04       0.0      0.0
0.04  0.06       0.0      0.0
0.06  0.08       9.235565869481431e-07      0.00015551443660184576
0.08  0.1       1.515437653870901e-06      0.0002551792020949431
0.1  0.12       3.0065104566884578e-05      0.005062556928476721
0.12  0.14       0.0001684313649624894      0.028361563545095638
0.14  0.16       0.00037743926325745764      0.06355566643822234
0.16  0.18       0.001001929595260082      0.16871139107617655
0.18  0.2       0.0011090178243252508      0.1867436003041902
0.2  0.22       0.0007774096314061392      0.1309052661694271
0.22  0.24       0.0004610224984065996      0.07762995263494701
0.24  0.26       0.00028828871805196325      0.048543920535143954
0.26  0.28       0.00022942743147820485      0.03863247607300641
0.28  0.3       0.00020011333439537356      0.03369637864621789
0.3  0.32       0.00016076416025258592      0.027070509983654678
0.32  0.34       0.0001319282516806736      0.02221493303380929
0.34  0.36       0.00010244449295870345      0.017250266881945878
0.36  0.38       9.159040345070387e-05      0.015422585028427424
0.38  0.4       8.966447060208208e-05      0.015098283988167266
0.4  0.42       9.135390975464705e-05      0.01538276268898237
0.42  0.44       0.00011067854312190894      0.01863676955019455
0.44  0.46       0.00013826464552472425      0.023281896046872908
0.46  0.48       0.00017145610440608808      0.028870888752761597
0.48  0.5       0.00020488991192886094      0.03450068969169477
0.5  0.52       1.0065157584094249e-07      1.69483638915035e-05
0.52  0.54       0.0      0.0
0.54  0.56       0.0      0.0
