#o/p  it       t_pb[ms]       level        ejecta_mass[M]
#59  217500  93.01477833049582  6     0.0023261413100618923
#  ye_bin          ye_bin_mass           ye_bin_mass/total_mass
0.0  0.02       0.0      0.0
0.02  0.04       0.0      0.0
0.04  0.06       0.0      0.0
0.06  0.08       4.462738194168109e-06      0.0019185155153146596
0.08  0.1       3.019471860338798e-05      0.012980603746117461
0.1  0.12       0.00015763363746347885      0.06776614850594982
0.12  0.14       0.00025263150856435926      0.10860540048516547
0.14  0.16       0.0003182406950938047      0.13681055992481264
0.16  0.18       0.00025616702953013026      0.1101253085623222
0.18  0.2       0.00022342660736330438      0.09605031577267316
0.2  0.22       0.0001746168180681355      0.07506715835053436
0.22  0.24       0.0001448444447156813      0.06226811934818672
0.24  0.26       0.00012085459974068861      0.05195496903731656
0.26  0.28       0.00010382701247538363      0.04463486892488964
0.28  0.3       9.77818772007335e-05      0.04203608644830429
0.3  0.32       9.54454176557696e-05      0.0410316506752679
0.32  0.34       6.903195271778996e-05      0.029676594633003275
0.34  0.36       6.273049411299987e-05      0.02696761965477101
0.36  0.38       5.7573826043576225e-05      0.024750786117135912
0.38  0.4       5.4135962090056625e-05      0.023272860447423212
0.4  0.42       3.9452291404855115e-05      0.016960401861314863
0.42  0.44       3.2186884143426616e-05      0.013837028732605334
0.44  0.46       2.5561752173003225e-05      0.010988907708415659
0.46  0.48       5.34104270716055e-06      0.0022960955484765625
0.48  0.5       0.0      0.0
0.5  0.52       0.0      0.0
0.52  0.54       0.0      0.0
0.54  0.56       0.0      0.0
