#o/p  it       t_pb[ms]       level        ejecta_mass[M]
#18  364000  165.18226601942558  5     0.007356125944908801
#  ye_bin          ye_bin_mass           ye_bin_mass/total_mass
0.0  0.02       0.0      0.0
0.02  0.04       0.0      0.0
0.04  0.06       0.0      0.0
0.06  0.08       1.0587976375122969e-06      0.00014393413672384093
0.08  0.1       1.1650480000557944e-06      0.00015837793001112602
0.1  0.12       3.925017265043129e-06      0.0005335712431296321
0.12  0.14       6.883188060237056e-05      0.009357082942552027
0.14  0.16       0.00026493053498022134      0.03601495365418269
0.16  0.18       0.0008598923206856167      0.11689472517538271
0.18  0.2       0.001235780848012271      0.16799343258492724
0.2  0.22       0.0011171588468270374      0.15186782488413303
0.22  0.24       0.0007339091169902391      0.09976842736062452
0.24  0.26       0.0005064275781572895      0.0688443321865349
0.26  0.28       0.0003250598485876975      0.04418899989235128
0.28  0.3       0.00023784646878781908      0.032333115361141064
0.3  0.32       0.00022190191648525513      0.030165595062824364
0.32  0.34       0.0002032995942981841      0.027636774549637557
0.34  0.36       0.00018832198652158345      0.025600701773182896
0.36  0.38       0.00018219977735017356      0.024768441801390668
0.38  0.4       0.00017848531385763173      0.02426349347392047
0.4  0.42       0.00016639133488913696      0.022619424427377695
0.42  0.44       0.00016827509896444882      0.022875505425639507
0.44  0.46       0.00017261110728474422      0.02346494725314062
0.46  0.48       0.00020611246361201322      0.028019159154645024
0.48  0.5       0.0003124972168238959      0.04248122165991139
0.5  0.52       4.382828855650007e-08      5.958066635174153e-06
0.52  0.54       0.0      0.0
0.54  0.56       0.0      0.0
