#o/p  it       t_pb[ms]       level        ejecta_mass[M]
#36  399000  182.42364533077398  5     0.007918613999879046
#  ye_bin          ye_bin_mass           ye_bin_mass/total_mass
0.0  0.02       0.0      0.0
0.02  0.04       0.0      0.0
0.04  0.06       0.0      0.0
0.06  0.08       0.0      0.0
0.08  0.1       0.0      0.0
0.1  0.12       3.474889306712978e-07      4.388254442969509e-05
0.12  0.14       2.9768917471018178e-05      0.0037593595888715994
0.14  0.16       0.0002033293199466193      0.025677387475854373
0.16  0.18       0.000743020806055173      0.0938321789730529
0.18  0.2       0.00120423851260326      0.15207693071308367
0.2  0.22       0.0010554953921543325      0.1332929464891779
0.22  0.24       0.000700765777242246      0.08849601423341888
0.24  0.26       0.0006546908829121022      0.0826774588232363
0.26  0.28       0.0006366143682297589      0.08039467111788541
0.28  0.3       0.0004427634529707479      0.05591426138179118
0.3  0.32       0.00029612668492717337      0.03739627729444782
0.32  0.34       0.00024850252554711044      0.03138207337179287
0.34  0.36       0.00021164138556085046      0.026727074405203135
0.36  0.38       0.00018073289978100466      0.022823804744588547
0.38  0.4       0.0001787960780303662      0.02257921374032088
0.4  0.42       0.00020214126307794748      0.02552735403961288
0.42  0.44       0.00016293058475983353      0.020575644268343202
0.44  0.46       0.00014513523045794503      0.018328362824625865
0.46  0.48       0.00019162418850113836      0.02419920815739539
0.48  0.5       0.0004297409059110798      0.054269712593345745
0.5  0.52       1.2602110952051098e-08      1.591454129755989e-06
0.52  0.54       0.0      0.0
0.54  0.56       1.9473269773720108e-07      2.4591765394824847e-05
