#o/p  it       t_pb[ms]       level        ejecta_mass[M]
#97  283000  125.2807881845907  6     0.005387044920164652
#  ye_bin          ye_bin_mass           ye_bin_mass/total_mass
0.0  0.02       0.0      0.0
0.02  0.04       0.0      0.0
0.04  0.06       0.0      0.0
0.06  0.08       0.0      0.0
0.08  0.1       1.5105275048039693e-05      0.0028040002026896056
0.1  0.12       0.0002094437505071751      0.03887915426938255
0.12  0.14       0.0002854351310612135      0.05298547446537523
0.14  0.16       0.00035694516516452177      0.06625991994765322
0.16  0.18       0.0008190235035615694      0.15203576649153622
0.18  0.2       0.0009033037477806778      0.16768075283713596
0.2  0.22       0.0005608427166216822      0.10410953035166828
0.22  0.24       0.0003099913086368827      0.057543850706819055
0.24  0.26       0.00021672084753253815      0.04023000564211264
0.26  0.28       0.00016743726257305693      0.031081467679304094
0.28  0.3       0.000125982783660139      0.023386250816020374
0.3  0.32       0.00010287744594741957      0.01909719474629426
0.32  0.34       9.3718347424565e-05      0.017396986439404065
0.34  0.36       9.149944769406758e-05      0.016985090907924147
0.36  0.38       9.455893999981429e-05      0.01755302608408993
0.38  0.4       0.00012107538433489246      0.02247528768169096
0.4  0.42       0.0001424078559967063      0.026435245687974267
0.42  0.44       0.00015367481053497084      0.02852673642273506
0.44  0.46       0.00019597078937630042      0.03637816136315245
0.46  0.48       0.00034072958160247664      0.06324981258780045
0.48  0.5       8.014201690293193e-05      0.014876805018452016
0.5  0.52       1.5880820301412334e-07      2.94796507858467e-05
0.52  0.54       0.0      0.0
0.54  0.56       0.0      0.0
