#o/p  it       t_pb[ms]       level        ejecta_mass[M]
#41  409000  187.34975370544495  5     0.008104922572988987
#  ye_bin          ye_bin_mass           ye_bin_mass/total_mass
0.0  0.02       0.0      0.0
0.02  0.04       0.0      0.0
0.04  0.06       0.0      0.0
0.06  0.08       0.0      0.0
0.08  0.1       0.0      0.0
0.1  0.12       2.565694654583483e-08      3.165600450193183e-06
0.12  0.14       2.4588745613900648e-05      0.003033803888003417
0.14  0.16       0.00018490499100281099      0.02281391208091708
0.16  0.18       0.000699627468816989      0.0863213019638972
0.18  0.2       0.0011819314407042212      0.14582883797597349
0.2  0.22       0.001042456283159292      0.12862014087999463
0.22  0.24       0.0007037108145338109      0.08682511254074718
0.24  0.26       0.0006874973589201727      0.08482466707471986
0.26  0.28       0.0007292434793220268      0.0899753788829955
0.28  0.3       0.0005207602636351222      0.06425234281332225
0.3  0.32       0.00033362350285970934      0.04116307094302981
0.32  0.34       0.00028912164985751094      0.035672351864415995
0.34  0.36       0.00022562038223320982      0.027837450660556286
0.36  0.38       0.0002064745272796332      0.025475200462462676
0.38  0.4       0.00019485256829572035      0.02404126215160885
0.4  0.42       0.0001768373566260469      0.02181851276598089
0.42  0.44       0.00015243661151362697      0.01880790471973755
0.44  0.46       0.0001501771532828339      0.018529128678332403
0.46  0.48       0.00018609093889032687      0.022960236475362036
0.48  0.5       0.0004144844664623931      0.05113984282141474
0.5  0.52       8.270823587290961e-08      1.0204691670781492e-05
0.52  0.54       1.5431746976441904e-07      1.9039968411136694e-05
0.54  0.56       2.1988732744081602e-07      2.7130095995442006e-05
