#o/p  it       t_pb[ms]       level        ejecta_mass[M]
#49  422000  193.75369459251723  5     0.00844878895529278
#  ye_bin          ye_bin_mass           ye_bin_mass/total_mass
0.0  0.02       0.0      0.0
0.02  0.04       0.0      0.0
0.04  0.06       0.0      0.0
0.06  0.08       0.0      0.0
0.08  0.1       0.0      0.0
0.1  0.12       4.975838968662527e-08      5.889410890711611e-06
0.12  0.14       1.790733878925908e-05      0.0021195154576610594
0.14  0.16       0.0001590849222649544      0.018829316616471404
0.16  0.18       0.0006595334777303141      0.07806248696946638
0.18  0.2       0.0011799396145045998      0.1396578398097424
0.2  0.22       0.0010300577371970122      0.12191779705323663
0.22  0.24       0.0007205054405986329      0.08527913815947186
0.24  0.26       0.0006547463668725966      0.07749588376952274
0.26  0.28       0.0008597946769813491      0.1017654342570277
0.28  0.3       0.0006881157951439389      0.0814454945892412
0.3  0.32       0.0003736623788344551      0.044226738389573896
0.32  0.34       0.00031195895411624303      0.036923511259068086
0.34  0.36       0.0002536060533718388      0.030016852677207214
0.36  0.38       0.00021803666774410104      0.025806854556061676
0.38  0.4       0.00020029773513909838      0.02370727168106395
0.4  0.42       0.00017183322597139473      0.020338207863950616
0.42  0.44       0.00014758213948713294      0.017467845423536056
0.44  0.46       0.00015111124668616363      0.017885551111026316
0.46  0.48       0.0002140930436683864      0.025340086585340364
0.48  0.5       0.0004366891126323346      0.05168659259251219
0.5  0.52       1.832691692955909e-07      2.1691767928559886e-05
0.52  0.54       0.0      0.0
0.54  0.56       0.0      0.0
