#o/p  it       t_pb[ms]       level        ejecta_mass[M]
#38  403000  184.39408868064237  5     0.007944106714803252
#  ye_bin          ye_bin_mass           ye_bin_mass/total_mass
0.0  0.02       0.0      0.0
0.02  0.04       4.70730090289432e-14      5.925525766317583e-12
0.04  0.06       4.5292546751720234e-14      5.701402105704464e-12
0.06  0.08       0.0      0.0
0.08  0.1       0.0      0.0
0.1  0.12       1.336866733686632e-07      1.682840855090076e-05
0.12  0.14       2.801777550417203e-05      0.0035268629324884306
0.14  0.16       0.0001963288270935113      0.024713770111832352
0.16  0.18       0.0007258604506214097      0.09137093403702932
0.18  0.2       0.001193326798027636      0.15021535345238504
0.2  0.22       0.0010512904864167928      0.1323358968048341
0.22  0.24       0.0007116203766194472      0.08957840096651716
0.24  0.26       0.0006604593420940628      0.08313827668796869
0.26  0.28       0.0006681344972375072      0.08410442120477664
0.28  0.3       0.000479893851531464      0.06040878713741565
0.3  0.32       0.0003130096725662503      0.0394014939380132
0.32  0.34       0.0002623455182578256      0.033023916681401595
0.34  0.36       0.0002081842194011395      0.02620612069739744
0.36  0.38       0.00017956465096617748      0.022603504385404604
0.38  0.4       0.00019145745311655818      0.024100564102417135
0.4  0.42       0.00019037114840744697      0.02396382063356532
0.42  0.44       0.00015500477757365906      0.019511920362904892
0.44  0.46       0.00014726645047513393      0.018537823793418316
0.46  0.48       0.00017239878935917897      0.021701469472700644
0.48  0.5       0.0004091280502517608      0.0515008250694041
0.5  0.52       1.1211939967741574e-07      1.411353141423561e-05
0.52  0.54       0.0      0.0
0.54  0.56       1.9777311666655307e-07      2.4895576528197634e-05
