#o/p  it       t_pb[ms]       level        ejecta_mass[M]
#43  162000  65.67487685107191  6     0.00036759797626896167
#  ye_bin          ye_bin_mass           ye_bin_mass/total_mass
0.0  0.02       0.0      0.0
0.02  0.04       0.0      0.0
0.04  0.06       0.0      0.0
0.06  0.08       4.384654961978932e-06      0.011927853919333866
0.08  0.1       3.641840610570862e-05      0.09907129107550429
0.1  0.12       3.4979184001637947e-05      0.09515608425451344
0.12  0.14       0.00010937315839960158      0.2975347130844272
0.14  0.16       3.661486259389499e-05      0.09960572407260716
0.16  0.18       2.330925004943489e-05      0.06340962560789544
0.18  0.2       1.7401639651708447e-05      0.04733877979506647
0.2  0.22       1.5428795179707523e-05      0.041971926331875895
0.22  0.24       1.117970019469116e-05      0.030412844782668966
0.24  0.26       1.0603260791629868e-05      0.028844720254585256
0.26  0.28       1.1859619433588626e-05      0.032262472046122634
0.28  0.3       1.607570542661724e-05      0.043731757148888856
0.3  0.32       1.5611610794990506e-05      0.04246925120057763
0.32  0.34       5.814952483848434e-06      0.015818782635500114
0.34  0.36       3.369073112795714e-06      0.009165102449668148
0.36  0.38       3.5277865097257827e-06      0.009596860530985608
0.38  0.4       4.296662264750313e-06      0.011688481825608745
0.4  0.42       4.03106328673771e-06      0.010965956144949744
0.42  0.44       1.937564091724464e-06      0.005270878015679825
0.44  0.46       1.1479495235904578e-06      0.0031228396174589755
0.46  0.48       2.3307741059862737e-07      0.0006340552060822305
0.48  0.5       0.0      0.0
0.5  0.52       0.0      0.0
0.52  0.54       0.0      0.0
0.54  0.56       0.0      0.0
