#o/p  it       t_pb[ms]       level        ejecta_mass[M]
#21  371000  168.63054188169528  5     0.007448265396969507
#  ye_bin          ye_bin_mass           ye_bin_mass/total_mass
0.0  0.02       0.0      0.0
0.02  0.04       0.0      0.0
0.04  0.06       0.0      0.0
0.06  0.08       0.0      0.0
0.08  0.1       0.0      0.0
0.1  0.12       2.01662694306922e-06      0.00027075121999408475
0.12  0.14       5.5666003524026745e-05      0.007473686899862041
0.14  0.16       0.0002547780527260543      0.03420636069570191
0.16  0.18       0.0008373881774577542      0.11242727438236348
0.18  0.2       0.0012216276148133878      0.1640150491026319
0.2  0.22       0.0010903866430313244      0.1463947086894853
0.22  0.24       0.0007104264417355572      0.09538146184004266
0.24  0.26       0.0005588095562841648      0.07502546250722067
0.26  0.28       0.0003812555598160699      0.05118716096920932
0.28  0.3       0.0002532142496817566      0.03399640536235222
0.3  0.32       0.00023252451455877386      0.03121861294757054
0.32  0.34       0.00021941969634809333      0.02945916728979195
0.34  0.36       0.0002034187070175641      0.027310883296442354
0.36  0.38       0.00018550234596982602      0.02490544255381955
0.38  0.4       0.00018116980733704898      0.024323758308983184
0.4  0.42       0.00017260654843187048      0.023174059896160427
0.42  0.44       0.00017557474803604243      0.023572568736269648
0.44  0.46       0.00016851135805538958      0.0226242418971741
0.46  0.48       0.00022053894184895787      0.029609436572801108
0.48  0.5       0.00032342475029780034      0.043422828411752476
0.5  0.52       5.053054963323317e-09      6.784203695774946e-07
0.52  0.54       0.0      0.0
0.54  0.56       0.0      0.0
