#o/p  it       t_pb[ms]       level        ejecta_mass[M]
#5  321000  144.0000000083404  5     0.005846150480572372
#  ye_bin          ye_bin_mass           ye_bin_mass/total_mass
0.0  0.02       0.0      0.0
0.02  0.04       0.0      0.0
0.04  0.06       0.0      0.0
0.06  0.08       4.483739292040672e-06      0.0007669558467474973
0.08  0.1       4.013202762956945e-06      0.0006864692888582692
0.1  0.12       3.817074333417426e-05      0.006529209855446129
0.12  0.14       0.00018342495083030412      0.03137533859928042
0.14  0.16       0.00037477529910582674      0.06410633806831706
0.16  0.18       0.0009894680137551013      0.16925120505249577
0.18  0.2       0.001084991080074711      0.1855906863294569
0.2  0.22       0.0007485331048707753      0.1280386311228666
0.22  0.24       0.0004216439840839949      0.07212335458780621
0.24  0.26       0.00027748640147923703      0.047464806525484696
0.26  0.28       0.00021756355566100507      0.037214840155757385
0.28  0.3       0.00019144019274043618      0.03274636761004022
0.3  0.32       0.00015439248512241736      0.026409256079789008
0.32  0.34       0.0001285236295271382      0.021984317706881022
0.34  0.36       9.923409701497351e-05      0.016974263208711985
0.36  0.38       8.772035588197246e-05      0.01500480635479368
0.38  0.4       9.257895819057342e-05      0.015835883543919554
0.4  0.42       9.542320634166104e-05      0.01632239995511004
0.42  0.44       0.000107513344600316      0.0183904511109659
0.44  0.46       0.00014779404287129576      0.02528057451864049
0.46  0.48       0.00019131727217094557      0.03272534171104923
0.48  0.5       0.00020565814579917433      0.03517838729649655
0.5  0.52       6.7506132310842e-10      1.1547108227058971e-07
0.52  0.54       0.0      0.0
0.54  0.56       0.0      0.0
