#o/p  it       t_pb[ms]       level        ejecta_mass[M]
#41  154000  61.733990151335135  6     0.0002842190713340159
#  ye_bin          ye_bin_mass           ye_bin_mass/total_mass
0.0  0.02       0.0      0.0
0.02  0.04       0.0      0.0
0.04  0.06       0.0      0.0
0.06  0.08       8.66881903673547e-06      0.030500483292860467
0.08  0.1       2.4494746480817433e-05      0.08618262794909728
0.1  0.12       4.288503789475578e-05      0.15088726345304618
0.12  0.14       0.00010088158797037208      0.3549430638024127
0.14  0.16       2.476822186167607e-05      0.08714482721171202
0.16  0.18       1.5581075399787422e-05      0.05482065410549615
0.18  0.2       1.128161180125932e-05      0.03969336662845226
0.2  0.22       7.795478412543473e-06      0.027427710519053038
0.22  0.24       5.541235832714206e-06      0.019496354719286638
0.24  0.26       4.7159030901307235e-06      0.016592493487492144
0.26  0.28       3.5204688759374235e-06      0.012386462524888585
0.28  0.3       5.638320198440564e-06      0.019837937587989577
0.3  0.32       8.11348053679203e-06      0.028546573242641482
0.32  0.34       6.9707425340342595e-06      0.02452594930141828
0.34  0.36       2.785815732502559e-06      0.009801649549507718
0.36  0.38       2.9561719047940755e-06      0.010401032875517227
0.38  0.4       3.859808899947215e-06      0.013580400786726747
0.4  0.42       1.975127408985365e-06      0.006949313428246988
0.42  0.44       5.187193116360007e-07      0.001825068631747089
0.44  0.46       7.16002820558703e-07      0.0025191934418688335
0.46  0.48       5.50695329595624e-07      0.001937573460538275
0.48  0.5       0.0      0.0
0.5  0.52       0.0      0.0
0.52  0.54       0.0      0.0
0.54  0.56       0.0      0.0
