#o/p  it       t_pb[ms]       level        ejecta_mass[M]
#83  264000  115.92118227271585  6     0.004908188437021996
#  ye_bin          ye_bin_mass           ye_bin_mass/total_mass
0.0  0.02       0.0      0.0
0.02  0.04       0.0      0.0
0.04  0.06       0.0      0.0
0.06  0.08       0.0      0.0
0.08  0.1       8.037295936343057e-05      0.016375279880695905
0.1  0.12       0.00022757219583042267      0.04636582289992523
0.12  0.14       0.0003053757907845129      0.06221761749836101
0.14  0.16       0.0004910722612051235      0.1000516315757179
0.16  0.18       0.0007549610856236725      0.15381664646961662
0.18  0.2       0.0006159931157762577      0.12550315125024145
0.2  0.22       0.00040571515296228256      0.08266087542646325
0.22  0.24       0.00026677867860287643      0.054353797134313424
0.24  0.26       0.0002052353231673605      0.04181488257852736
0.26  0.28       0.00017472183939039307      0.03559803003333836
0.28  0.3       0.00014485913001467335      0.02951376701880775
0.3  0.32       0.00011727751100494834      0.02389425599888042
0.32  0.34       0.00011274870867279982      0.022971552563537924
0.34  0.36       0.00011595770862460881      0.02362535793246056
0.36  0.38       0.00011725467771984757      0.023889603918913697
0.38  0.4       0.00013263370610083996      0.027022944983203297
0.4  0.42       0.00015140751547398746      0.030847942660867513
0.42  0.44       0.0001500145690162215      0.03056414213534997
0.44  0.46       0.00017124705786852073      0.03489007401933075
0.46  0.48       0.0001651382135996067      0.033645451008764246
0.48  0.5       1.8512362195739761e-06      0.0003771730126761798
0.5  0.52       0.0      0.0
0.52  0.54       0.0      0.0
0.54  0.56       0.0      0.0
