#o/p  it       t_pb[ms]       level        ejecta_mass[M]
#10  340000  153.35960592021524  5     0.006745895552938989
#  ye_bin          ye_bin_mass           ye_bin_mass/total_mass
0.0  0.02       0.0      0.0
0.02  0.04       0.0      0.0
0.04  0.06       0.0      0.0
0.06  0.08       0.0      0.0
0.08  0.1       0.0      0.0
0.1  0.12       8.866912605900891e-06      0.0013144159342991662
0.12  0.14       0.00010893382052794619      0.01614816293449532
0.14  0.16       0.0003523059861360081      0.052225235829884545
0.16  0.18       0.0009434577305787886      0.13985655769125446
0.18  0.2       0.0012289472951420885      0.18217704165411694
0.2  0.22       0.0010889661213454136      0.16142647226000748
0.22  0.24       0.0006090528883621153      0.09028495676852999
0.24  0.26       0.00029477994967018505      0.043697674735233345
0.26  0.28       0.00024444324397028696      0.03623584771688174
0.28  0.3       0.00020531001115179476      0.030434804325179213
0.3  0.32       0.00017811815872336494      0.026403930705058736
0.32  0.34       0.00016447121746812035      0.02438093151271295
0.34  0.36       0.0001383627157545021      0.020510651946607967
0.36  0.38       0.0001173446105720131      0.017394964041637064
0.38  0.4       0.00011402689216573622      0.016903151148857924
0.4  0.42       0.0001258434188532413      0.01865481282146668
0.42  0.44       0.00015188264653858167      0.02251482332429693
0.44  0.46       0.00017208449403954606      0.02550951058893491
0.46  0.48       0.00021677670064927112      0.0321346067320636
0.48  0.5       0.00028179580904788283      0.04177292797323443
0.5  0.52       1.249296362231417e-07      1.85193552498324e-05
0.52  0.54       0.0      0.0
0.54  0.56       0.0      0.0
