#o/p  it       t_pb[ms]       level        ejecta_mass[M]
#39  147000  58.28571428906545  6     0.00017900225391151244
#  ye_bin          ye_bin_mass           ye_bin_mass/total_mass
0.0  0.02       0.0      0.0
0.02  0.04       0.0      0.0
0.04  0.06       0.0      0.0
0.06  0.08       5.766734892747484e-07      0.003221599039528406
0.08  0.1       8.836291985630613e-06      0.049364138118611206
0.1  0.12       4.509102167837013e-05      0.25190197717097085
0.12  0.14       8.005932656747849e-05      0.44725317596869385
0.14  0.16       1.3467653909409303e-05      0.07523734263182447
0.16  0.18       5.85627424976819e-06      0.032716203968376656
0.18  0.2       3.4681451651067674e-06      0.019374868691995367
0.2  0.22       3.1399796192923584e-06      0.017541564704791755
0.22  0.24       2.691954299352017e-06      0.015038661472289345
0.24  0.26       1.6250005974186556e-06      0.009078101319450171
0.26  0.28       1.418209750448145e-06      0.007922859737560732
0.28  0.3       1.1507175030731694e-06      0.006428508456893579
0.3  0.32       1.155109867119271e-06      0.006453046494544618
0.32  0.34       1.2644867515663254e-06      0.0070640828477579335
0.34  0.36       2.2881459572193895e-06      0.012782777351789695
0.36  0.38       4.4264988398596635e-06      0.024728732421703745
0.38  0.4       1.5416858451758769e-06      0.008612661636864027
0.4  0.42       3.0953260899047303e-07      0.001729210678785568
0.42  0.44       5.976102348027385e-07      0.0033385626255754285
0.44  0.46       3.7934992156094136e-08      0.0002119246619925067
0.46  0.48       0.0      0.0
0.48  0.5       0.0      0.0
0.5  0.52       0.0      0.0
0.52  0.54       0.0      0.0
0.54  0.56       0.0      0.0
