#o/p  it       t_pb[ms]       level        ejecta_mass[M]
#103  292000  129.71428572179457  6     0.005713446085734428
#  ye_bin          ye_bin_mass           ye_bin_mass/total_mass
0.0  0.02       0.0      0.0
0.02  0.04       0.0      0.0
0.04  0.06       0.0      0.0
0.06  0.08       4.442902339542042e-07      7.776221693305669e-05
0.08  0.1       9.39022201322918e-06      0.0016435303444404736
0.1  0.12       0.0002034911834179705      0.03561619036295027
0.12  0.14       0.00027576902567598286      0.04826667155651202
0.14  0.16       0.00040492592964706597      0.07087245133162313
0.16  0.18       0.0008146453587816805      0.1425838883499262
0.18  0.2       0.0009540543166062603      0.1669840412056015
0.2  0.22       0.0006090990621909204      0.1066080003295637
0.22  0.24       0.0003379309411282292      0.059146605403696616
0.24  0.26       0.000236798207262436      0.041445776105892326
0.26  0.28       0.0001908783627260071      0.03340862237286184
0.28  0.3       0.00015108827231949558      0.02644433325392518
0.3  0.32       0.00012414150393389863      0.02172795578553902
0.32  0.34       0.00011136531437177201      0.01949179404174892
0.34  0.36       0.00010117553893277325      0.017708321285360963
0.36  0.38       0.00010163936917107863      0.017789503505573647
0.38  0.4       0.00011598678940170306      0.02030067102432344
0.4  0.42       0.0001386181509087476      0.024261741307904386
0.42  0.44       0.00013694897256250502      0.023969592170379445
0.44  0.46       0.00017390497849233258      0.030437843620603304
0.46  0.48       0.0003277538547866636      0.0573653535656901
0.48  0.5       0.0001933964411697643      0.0338493508589579
0.5  0.52       0.0      0.0
0.52  0.54       0.0      0.0
0.54  0.56       0.0      0.0
