#o/p  it       t_pb[ms]       level        ejecta_mass[M]
#2  308000  137.59605912126813  5     0.005401107867946209
#  ye_bin          ye_bin_mass           ye_bin_mass/total_mass
0.0  0.02       0.0      0.0
0.02  0.04       0.0      0.0
0.04  0.06       0.0      0.0
0.06  0.08       0.0      0.0
0.08  0.1       4.962702719452848e-07      9.188305141811459e-05
0.1  0.12       8.271381884884917e-05      0.015314231981873266
0.12  0.14       0.00020824760557855884      0.03855646113169477
0.14  0.16       0.00042693390391480466      0.07904561700174817
0.16  0.18       0.0008882393680970204      0.16445503215524127
0.18  0.2       0.0010005180261394467      0.18524311133965507
0.2  0.22       0.000654461704595892      0.12117175227695524
0.22  0.24       0.0003605680836586339      0.06675817118900483
0.24  0.26       0.0002563221693198638      0.04745733201165102
0.26  0.28       0.00019828370340000613      0.03671167253976807
0.28  0.3       0.00016464317970483978      0.030483223762654818
0.3  0.32       0.00012851165170895326      0.023793572513451815
0.32  0.34       0.00011032913833143139      0.020427131068090375
0.34  0.36       9.610920049932982e-05      0.017794349390743733
0.36  0.38       9.269011789972371e-05      0.017161315820002215
0.38  0.4       0.00010200570291366672      0.01888607030402723
0.4  0.42       0.00010190484734179638      0.018867397177265793
0.42  0.44       0.00010460704281531604      0.01936770110371694
0.44  0.46       0.00014031494177201083      0.025978918622368875
0.46  0.48       0.0001628631608612616      0.030153658257373577
0.48  0.5       0.00012034254396182553      0.022281085085528243
0.5  0.52       1.686311024331774e-09      3.1221576490620986e-07
0.52  0.54       0.0      0.0
0.54  0.56       0.0      0.0
