#o/p  it       t_pb[ms]       level        ejecta_mass[M]
#52  193000  80.94581281255194  6     0.0013343784469259693
#  ye_bin          ye_bin_mass           ye_bin_mass/total_mass
0.0  0.02       0.0      0.0
0.02  0.04       0.0      0.0
0.04  0.06       0.0      0.0
0.06  0.08       2.9101150022954543e-06      0.0021808768037280104
0.08  0.1       6.631199160043216e-05      0.04969504097821442
0.1  0.12       0.0001498480694320446      0.11229802892669032
0.12  0.14       0.00018781460032645526      0.14075062495135993
0.14  0.16       0.00022042787783887425      0.16519142552600258
0.16  0.18       0.00015874932000217175      0.11896873811764969
0.18  0.2       0.00011793675822105974      0.08838329073191543
0.2  0.22       7.617559375953546e-05      0.05708694856022479
0.22  0.24       5.467155444306786e-05      0.04097155088874199
0.24  0.26       3.6483032462496724e-05      0.027340843631387567
0.26  0.28       3.310378876820429e-05      0.024808395882342116
0.28  0.3       3.823439514842823e-05      0.028653336867445263
0.3  0.32       3.8499822602208686e-05      0.028852251541458415
0.32  0.34       2.8602965547242215e-05      0.021435422322007194
0.34  0.36       3.1084780672992e-05      0.02329532580850848
0.36  0.38       2.8267868232654336e-05      0.021184296177576542
0.38  0.4       2.6837670331719688e-05      0.02011248787294646
0.4  0.42       1.658014223045371e-05      0.012425367232698992
0.42  0.44       1.6803405240527585e-05      0.012592683341999325
0.44  0.46       5.0108635634514e-06      0.0037552042113652337
0.46  0.48       2.3831499655251973e-08      1.785962573822517e-05
0.48  0.5       0.0      0.0
0.5  0.52       0.0      0.0
0.52  0.54       0.0      0.0
0.54  0.56       0.0      0.0
