#o/p  it       t_pb[ms]       level        ejecta_mass[M]
#8  333000  149.91133005794558  5     0.006431744415771967
#  ye_bin          ye_bin_mass           ye_bin_mass/total_mass
0.0  0.02       0.0      0.0
0.02  0.04       0.0      0.0
0.04  0.06       0.0      0.0
0.06  0.08       0.0      0.0
0.08  0.1       0.0      0.0
0.1  0.12       1.4734248698199299e-05      0.0022908635271743504
0.12  0.14       0.00014258507637451848      0.022168958708133738
0.14  0.16       0.0003783044499094272      0.05881832757249285
0.16  0.18       0.0009792852238758394      0.15225810613282917
0.18  0.2       0.001235942243286782      0.19216283536640483
0.2  0.22       0.0009179194460319656      0.14271702771351383
0.22  0.24       0.0005394252339007075      0.08386919613564328
0.24  0.26       0.0003082486468219265      0.04792613432617706
0.26  0.28       0.0002483829233988706      0.03861828259061171
0.28  0.3       0.00021043614108084272      0.032718361843609614
0.3  0.32       0.00016962989648518188      0.02637385529020934
0.32  0.34       0.00014665957676621573      0.02280245720065868
0.34  0.36       0.00012002699930330165      0.018661655616938173
0.36  0.38       0.0001052037703517743      0.016356957545420013
0.38  0.4       0.00010143354893370519      0.01577076798713723
0.4  0.42       0.00010701123096995626      0.016637979380452774
0.42  0.44       0.00013291313312152576      0.020665176432632378
0.44  0.46       0.00016269422556369377      0.02529550539426503
0.46  0.48       0.00018395678148404047      0.028601382392145498
0.48  0.5       0.00022611699876081375      0.03515640301351654
0.5  0.52       8.343140577897139e-07      0.00012971816102390563
0.52  0.54       3.065948902818922e-10      4.766901021907185e-08
0.54  0.56       0.0      0.0
