#o/p  it       t_pb[ms]       level        ejecta_mass[M]
#31  119000  44.49261083998673  6     0.00012659118472791063
#  ye_bin          ye_bin_mass           ye_bin_mass/total_mass
0.0  0.02       0.0      0.0
0.02  0.04       0.0      0.0
0.04  0.06       0.0      0.0
0.06  0.08       0.0      0.0
0.08  0.1       5.824024064149575e-05      0.46006553115585963
0.1  0.12       5.652210694922286e-05      0.4464932299252031
0.12  0.14       1.0937935329224888e-05      0.08640360979901082
0.14  0.16       3.9266834879468464e-07      0.0031018617105027357
0.16  0.18       1.7639576903085497e-07      0.0013934285346170988
0.18  0.2       1.2582096915913644e-07      0.0009939157250923147
0.2  0.22       1.1049074245044731e-07      0.0008728154546300449
0.22  0.24       3.1259711153875e-08      0.0002469343439755557
0.24  0.26       3.906866293780455e-08      0.0003086207228550469
0.26  0.28       1.1197770952299695e-08      8.845616680472403e-05
0.28  0.3       3.999833488091113e-09      3.1596461449414304e-05
0.3  0.32       0.0      0.0
0.32  0.34       0.0      0.0
0.34  0.36       0.0      0.0
0.36  0.38       0.0      0.0
0.38  0.4       0.0      0.0
0.4  0.42       0.0      0.0
0.42  0.44       0.0      0.0
0.44  0.46       0.0      0.0
0.46  0.48       0.0      0.0
0.48  0.5       0.0      0.0
0.5  0.52       0.0      0.0
0.52  0.54       0.0      0.0
0.54  0.56       0.0      0.0
