#o/p  it       t_pb[ms]       level        ejecta_mass[M]
#44  413000  189.32019705531334  5     0.0082056925810358
#  ye_bin          ye_bin_mass           ye_bin_mass/total_mass
0.0  0.02       0.0      0.0
0.02  0.04       0.0      0.0
0.04  0.06       0.0      0.0
0.06  0.08       0.0      0.0
0.08  0.1       0.0      0.0
0.1  0.12       1.0096419422164453e-08      1.2304164849531797e-06
0.12  0.14       2.2424016433739092e-05      0.0027327390360154732
0.14  0.16       0.0001792722253050243      0.02184729972937822
0.16  0.18       0.0006864421021455335      0.08365437717371618
0.18  0.2       0.0011813020119788987      0.14396128057600027
0.2  0.22       0.0010408863347742081      0.12684929693561803
0.22  0.24       0.0007020013353811692      0.08555052830075142
0.24  0.26       0.000661535810986111      0.08061913171290239
0.26  0.28       0.0007780824566024997      0.09482227720798708
0.28  0.3       0.0005589910287682026      0.0681223459504306
0.3  0.32       0.0003365509007046365      0.041014319922542584
0.32  0.34       0.0002972387217685599      0.036223477644715715
0.34  0.36       0.00023773824131055238      0.028972355345116135
0.36  0.38       0.0002100669274472485      0.02560014591976487
0.38  0.4       0.0001915247831770264      0.023340477514312428
0.4  0.42       0.00017320568015540778      0.02110799039141485
0.42  0.44       0.00015219570050288133      0.018547575235102184
0.44  0.46       0.00014998887166234697      0.018278636468661607
0.46  0.48       0.00020016033043030723      0.024392862449282873
0.48  0.5       0.00044548453262167615      0.054289693188267464
0.5  0.52       1.0227423770790578e-07      1.2463815418124738e-05
0.52  0.54       0.0      0.0
0.54  0.56       4.881982226836598e-07      5.949506612177212e-05
