#o/p  it       t_pb[ms]       level        ejecta_mass[M]
#85  267000  117.39901478511715  6     0.004831944218068858
#  ye_bin          ye_bin_mass           ye_bin_mass/total_mass
0.0  0.02       0.0      0.0
0.02  0.04       0.0      0.0
0.04  0.06       0.0      0.0
0.06  0.08       0.0      0.0
0.08  0.1       6.1010159448825224e-05      0.012626420483225
0.1  0.12       0.00023801088576586488      0.04925778838171039
0.12  0.14       0.00026617061610813807      0.0550856144226177
0.14  0.16       0.0004656125863347345      0.0963613331034732
0.16  0.18       0.0007861926225099428      0.16270730518163012
0.18  0.2       0.0006496003804775449      0.13443871683128933
0.2  0.22       0.0004255015660712917      0.08806011552868222
0.22  0.24       0.0002614759132584966      0.054114017351590715
0.24  0.26       0.00020168293044540205      0.041739498914581216
0.26  0.28       0.00015513860644634765      0.03210687032896886
0.28  0.3       0.0001312460550347958      0.02716216270543988
0.3  0.32       0.00011569535099249745      0.023943850709174045
0.32  0.34       0.00011307212723861173      0.023400958731225236
0.34  0.36       0.00010389982086495712      0.02150269460405358
0.36  0.38       0.00010713524973655276      0.02217228612365285
0.38  0.4       0.00012586913374026154      0.026049376412413675
0.4  0.42       0.00014359953698789198      0.029718790306168558
0.42  0.44       0.00014497575258817428      0.03000360642534808
0.44  0.46       0.0001547492006604636      0.03202628045286311
0.46  0.48       0.00017457613931218024      0.036129584993833314
0.48  0.5       6.7295840458948365e-06      0.0013927280080613994
0.5  0.52       0.0      0.0
0.52  0.54       0.0      0.0
0.54  0.56       0.0      0.0
