#o/p  it       t_pb[ms]       level        ejecta_mass[M]
#13  350000  158.28571429488622  5     0.006906181703195989
#  ye_bin          ye_bin_mass           ye_bin_mass/total_mass
0.0  0.02       0.0      0.0
0.02  0.04       0.0      0.0
0.04  0.06       0.0      0.0
0.06  0.08       0.0      0.0
0.08  0.1       0.0      0.0
0.1  0.12       5.667493334247895e-06      0.0008206406344080314
0.12  0.14       8.76445231501821e-05      0.012690735187234162
0.14  0.16       0.00030146771506097504      0.04365186553395549
0.16  0.18       0.0009003221967679852      0.13036468420043756
0.18  0.2       0.0012338955907522876      0.17866538179574323
0.2  0.22       0.0011228239711739984      0.16258245430385745
0.22  0.24       0.0007509884369001023      0.10874148251161213
0.24  0.26       0.00037519274879556504      0.05432708910944759
0.26  0.28       0.0002582604348426532      0.03739554589522854
0.28  0.3       0.0002033069345191147      0.029438399285820975
0.3  0.32       0.00019343727958291145      0.02800929484571685
0.32  0.34       0.00017339037042911164      0.025106546262585502
0.34  0.36       0.0001564265098824093      0.022650216372097402
0.36  0.38       0.0001542188004814365      0.022330544881271848
0.38  0.4       0.00014968320682618016      0.021673800843802143
0.4  0.42       0.00014211311169793015      0.020577667632487015
0.42  0.44       0.000138544585688454      0.020060952874196666
0.44  0.46       0.00013308820054792954      0.0192708802443382
0.46  0.48       0.0001794005804904629      0.025976811529219004
0.48  0.5       0.0002460444906906204      0.03562670391031818
0.5  0.52       2.6452158144826234e-07      3.830214622442515e-05
0.52  0.54       0.0      0.0
0.54  0.56       0.0      0.0
