#o/p  it       t_pb[ms]       level        ejecta_mass[M]
#66  236000  102.12807882363713  6     0.003975259817492566
#  ye_bin          ye_bin_mass           ye_bin_mass/total_mass
0.0  0.02       0.0      0.0
0.02  0.04       0.0      0.0
0.04  0.06       0.0      0.0
0.06  0.08       4.044475481331823e-06      0.001017411607546929
0.08  0.1       4.084731272823004e-05      0.010275381887867365
0.1  0.12       0.00027361722134909875      0.06883002216486205
0.12  0.14       0.0003923083983236255      0.09868748618576531
0.14  0.16       0.00044654485535023465      0.11233098611197122
0.16  0.18       0.0004787956768949201      0.12044387005549871
0.18  0.2       0.0004016530389622697      0.1010381855281138
0.2  0.22       0.00027235409114408223      0.06851227432874368
0.22  0.24       0.00020533129677701383      0.051652296001756325
0.24  0.26       0.00016101000595875726      0.040503014482287575
0.26  0.28       0.00014420311280052765      0.03627514160608631
0.28  0.3       0.0001437055922748218      0.036149987390123726
0.3  0.32       0.0001708302006004982      0.04297334223257161
0.32  0.34       0.0001555167031278838      0.0391211418291591
0.34  0.36       0.00012649396348485146      0.031820300884041024
0.36  0.38       0.00010805282602434113      0.02718132423668763
0.38  0.4       0.00010773655585137178      0.027101764613546107
0.4  0.42       0.00010651437336573856      0.026794317417200553
0.42  0.44       9.944177550326722e-05      0.025015163805316026
0.44  0.46       0.00010049805404646072      0.025280876888658526
0.46  0.48       3.5754888231658875e-05      0.008994352538750944
0.48  0.5       5.3992115823870745e-09      1.3582034458800936e-06
0.5  0.52       0.0      0.0
0.52  0.54       0.0      0.0
0.54  0.56       0.0      0.0
