#o/p  it       t_pb[ms]       level        ejecta_mass[M]
#32  122000  45.970443352388024  6     0.00014550526343189767
#  ye_bin          ye_bin_mass           ye_bin_mass/total_mass
0.0  0.02       0.0      0.0
0.02  0.04       0.0      0.0
0.04  0.06       0.0      0.0
0.06  0.08       0.0      0.0
0.08  0.1       3.157266585990208e-05      0.21698641764034443
0.1  0.12       9.922838991192937e-05      0.681957391585166
0.12  0.14       1.2044609154734487e-05      0.08277782446249342
0.14  0.16       1.0671841384384522e-06      0.0073343335716369975
0.16  0.18       4.810125989968384e-07      0.0033058089284994955
0.18  0.2       3.1108276777297827e-07      0.002137948555507599
0.2  0.22       2.2529252558491222e-07      0.0015483462265979003
0.22  0.24       2.1130398144612805e-07      0.0014522085075295357
0.24  0.26       1.9827366933671384e-07      0.0013626563373737605
0.26  0.28       7.778648607357356e-08      0.0005345956856741527
0.28  0.3       6.088645796754698e-08      0.00041844849135677
0.3  0.32       2.2943245299589116e-08      0.00015767983067036938
0.32  0.34       0.0      0.0
0.34  0.36       3.832634414931252e-09      2.634017714915914e-05
0.36  0.38       0.0      0.0
0.38  0.4       0.0      0.0
0.4  0.42       0.0      0.0
0.42  0.44       0.0      0.0
0.44  0.46       0.0      0.0
0.46  0.48       0.0      0.0
0.48  0.5       0.0      0.0
0.5  0.52       0.0      0.0
0.52  0.54       0.0      0.0
0.54  0.56       0.0      0.0
