#o/p  it       t_pb[ms]       level        ejecta_mass[M]
#102  290000  128.72906404686037  6     0.005637957004708549
#  ye_bin          ye_bin_mass           ye_bin_mass/total_mass
0.0  0.02       0.0      0.0
0.02  0.04       0.0      0.0
0.04  0.06       0.0      0.0
0.06  0.08       1.0815848717015435e-07      1.9183985809013016e-05
0.08  0.1       1.1168787658306485e-05      0.0019809990833521527
0.1  0.12       0.00021926820956893496      0.03889142988955268
0.12  0.14       0.0002799102581427118      0.049647462353640565
0.14  0.16       0.0003977573300778915      0.07054990482291791
0.16  0.18       0.0008029960608296062      0.14242677979966548
0.18  0.2       0.0009512302406999829      0.16871895970571635
0.2  0.22       0.000603794795784858      0.10709460807888349
0.22  0.24       0.00033458023997103486      0.059344234035770334
0.24  0.26       0.0002323674231795464      0.04121482710589747
0.26  0.28       0.00018215490558369572      0.03230867234914504
0.28  0.3       0.0001437725431261864      0.02550082290555152
0.3  0.32       0.00011753606144006606      0.020847278782350702
0.32  0.34       0.0001065889772780125      0.01890560307377203
0.34  0.36       0.0001019166878498404      0.018076882772380936
0.36  0.38       0.00010249792317903626      0.018179976025612637
0.38  0.4       0.00011673571178866517      0.02070532139411016
0.4  0.42       0.00014042474178766704      0.024907026014989307
0.42  0.44       0.0001446104287763198      0.025649438024367366
0.44  0.46       0.00017244048834935243      0.030585633804113523
0.46  0.48       0.0003161649116858751      0.056077921740415794
0.48  0.5       0.0001599321194637336      0.028367034251975676
0.5  0.52       0.0      0.0
0.52  0.54       0.0      0.0
0.54  0.56       0.0      0.0
