#o/p  it       t_pb[ms]       level        ejecta_mass[M]
#46  417000  191.29064040518173  5     0.008327700774882435
#  ye_bin          ye_bin_mass           ye_bin_mass/total_mass
0.0  0.02       0.0      0.0
0.02  0.04       0.0      0.0
0.04  0.06       0.0      0.0
0.06  0.08       0.0      0.0
0.08  0.1       0.0      0.0
0.1  0.12       7.993747793392815e-09      9.598985373613722e-07
0.12  0.14       2.0534040673477492e-05      0.0024657514995508924
0.14  0.16       0.00017146783142034353      0.020590056734208755
0.16  0.18       0.0006763617801188761      0.0812183096394244
0.18  0.2       0.0011845624976189312      0.1422436431904164
0.2  0.22       0.0010382218773921292      0.12467089121688407
0.22  0.24       0.0007070638171067927      0.08490504596891867
0.24  0.26       0.0006516383042508482      0.07824948588646277
0.26  0.28       0.0008028816572211575      0.09641096371314951
0.28  0.3       0.0006139289271586413      0.073721300002798
0.3  0.32       0.0003509921280515664      0.04214754318625497
0.32  0.34       0.00029821984039716376      0.03581058547356054
0.34  0.36       0.00024117772415226728      0.028960901774916628
0.36  0.38       0.00021413431167763272      0.025713497334521572
0.38  0.4       0.0001906292517067126      0.022890982380356212
0.4  0.42       0.00017192539085963824      0.02064500100414155
0.42  0.44       0.000154830544340583      0.0185922319408467
0.44  0.46       0.00015935955633254755      0.019136080971256714
0.46  0.48       0.00021482896197264425      0.025796911750311666
0.48  0.5       0.00046458870998182256      0.055788352936874265
0.5  0.52       3.600963359007839e-08      4.324078705936303e-06
0.52  0.54       1.3351462414097958e-07      1.603259143792477e-05
0.54  0.56       1.7610444316905144e-07      2.1146826468622435e-05
