#o/p  it       t_pb[ms]       level        ejecta_mass[M]
#106  298000  132.66995074659715  6     0.0058425193663763746
#  ye_bin          ye_bin_mass           ye_bin_mass/total_mass
0.0  0.02       0.0      0.0
0.02  0.04       0.0      0.0
0.04  0.06       0.0      0.0
0.06  0.08       8.844405784801486e-08      1.5137999945196468e-05
0.08  0.1       4.116223433051755e-06      0.0007045288470485129
0.1  0.12       0.0001771422710977071      0.03031950088469687
0.12  0.14       0.00027875864135522635      0.04771206116311378
0.14  0.16       0.0004471663680036776      0.0765365658139046
0.16  0.18       0.000816280348414695      0.13971375997696783
0.18  0.2       0.0009453467607763463      0.1618046430820247
0.2  0.22       0.0006211645564945862      0.10631792854113252
0.22  0.24       0.0003451457106790392      0.059074808149605536
0.24  0.26       0.00024873673406285786      0.04257354036245641
0.26  0.28       0.00019403711003151256      0.03321120528041271
0.28  0.3       0.00015723158252558007      0.026911606563162778
0.3  0.32       0.00012448895259152987      0.02130740948981055
0.32  0.34       0.00011247865158439076      0.019251737911508516
0.34  0.36       0.00010516022156806666      0.017999122463035793
0.36  0.38       0.00010807077331385825      0.01849728970276148
0.38  0.4       0.00012699181881089289      0.021735797666624642
0.4  0.42       0.00014352556116422395      0.024565697118645726
0.42  0.44       0.00014848324898213356      0.025414250201146578
0.44  0.46       0.00019659467423456867      0.03364895551155013
0.46  0.48       0.00029980094324580234      0.05131364133273618
0.48  0.5       0.0002416689345807088      0.04136382259535338
0.5  0.52       4.0835368107129114e-08      6.98934236181332e-06
0.52  0.54       0.0      0.0
0.54  0.56       0.0      0.0
