#o/p  it       t_pb[ms]       level        ejecta_mass[M]
#23  376000  171.09359606903075  5     0.007461677494463392
#  ye_bin          ye_bin_mass           ye_bin_mass/total_mass
0.0  0.02       0.0      0.0
0.02  0.04       0.0      0.0
0.04  0.06       0.0      0.0
0.06  0.08       0.0      0.0
0.08  0.1       0.0      0.0
0.1  0.12       1.7458134438162533e-06      0.00023397063798477716
0.12  0.14       4.7482698504993874e-05      0.006363542050728715
0.14  0.16       0.00024458062426626704      0.03277823578514982
0.16  0.18       0.0008180326455904446      0.10963119837294356
0.18  0.2       0.0012087023920872603      0.16198802387052033
0.2  0.22       0.0010931077686707868      0.1464962496009616
0.22  0.24       0.0007091238454099299      0.0950354455732111
0.24  0.26       0.0005695098799925205      0.0763246442123906
0.26  0.28       0.00041229092771551785      0.05525445558608505
0.28  0.3       0.00027804727021954164      0.037263372804018174
0.3  0.32       0.00024112767092372836      0.032315477465040064
0.32  0.34       0.00022341264280629607      0.029941342676907377
0.34  0.36       0.00021020463645256857      0.028171230478473724
0.36  0.38       0.0001903586131521453      0.02551150371929
0.38  0.4       0.00018349156639149545      0.024591195013138435
0.4  0.42       0.00016822097628771607      0.022544659215375767
0.42  0.44       0.00015640928546583      0.020961678601344885
0.44  0.46       0.00015771649492427958      0.02113686835718994
0.46  0.48       0.00021702103479765472      0.029084751379121598
0.48  0.5       0.0003310785609876172      0.04437052676603611
0.5  0.52       1.214637303392575e-08      1.6278340953409511e-06
0.52  0.54       0.0      0.0
0.54  0.56       0.0      0.0
