#o/p  it       t_pb[ms]       level        ejecta_mass[M]
#62  226000  97.20197044896615  6     0.003040427042298083
#  ye_bin          ye_bin_mass           ye_bin_mass/total_mass
0.0  0.02       0.0      0.0
0.02  0.04       0.0      0.0
0.04  0.06       0.0      0.0
0.06  0.08       5.267405533263947e-06      0.0017324558228118572
0.08  0.1       5.7450366186083e-05      0.01889549243801607
0.1  0.12       0.0001895567698325132      0.062345442661646044
0.12  0.14       0.00029814162393170077      0.09805912780803079
0.14  0.16       0.0003918497394758264      0.12887983629419694
0.16  0.18       0.0003248265034891171      0.10683581581474144
0.18  0.2       0.00026211191879148434      0.08620891576907207
0.2  0.22       0.00020633841794613522      0.06786494629720696
0.22  0.24       0.000151438135302638      0.049808179310290135
0.24  0.26       0.00011184204174271262      0.036784977960917516
0.26  0.28       0.0001097323395299589      0.03609109444277886
0.28  0.3       0.00011584588346355557      0.038101846172238475
0.3  0.32       0.00012796906822099308      0.04208917577718578
0.32  0.34       0.0001245807237638227      0.04097474533368817
0.34  0.36       0.00010966729834318142      0.03606970232059581
0.36  0.38       0.00010080257587656826      0.033154084763164525
0.38  0.4       0.00010033875469502884      0.03300153343564152
0.4  0.42       8.900217785969328e-05      0.02927292009362661
0.42  0.44       7.259801938448486e-05      0.023877573240373567
0.44  0.46       5.790923338256879e-05      0.019046414394077532
0.46  0.48       3.26879645771852e-05      0.010751109670593595
0.48  0.5       4.7008096956887723e-07      0.0001546101791061463
0.5  0.52       0.0      0.0
0.52  0.54       0.0      0.0
0.54  0.56       0.0      0.0
