#o/p  it       t_pb[ms]       level        ejecta_mass[M]
#45  168000  68.6305418758745  6     0.00038852940139259265
#  ye_bin          ye_bin_mass           ye_bin_mass/total_mass
0.0  0.02       0.0      0.0
0.02  0.04       0.0      0.0
0.04  0.06       0.0      0.0
0.06  0.08       5.843983936147411e-07      0.0015041291380268828
0.08  0.1       3.5785351030303035e-05      0.09210461525444104
0.1  0.12       4.832179208952695e-05      0.12437100491321584
0.12  0.14       8.600154927621871e-05      0.22135145749064628
0.14  0.16       6.087938367440591e-05      0.156691831959687
0.16  0.18       2.7212948456048776e-05      0.0700408987286685
0.18  0.2       1.7162981407906113e-05      0.04417421524957809
0.2  0.22       1.4020705257990593e-05      0.03608660041617612
0.22  0.24       1.4856410788459502e-05      0.0382375458207543
0.24  0.26       1.3835541800097551e-05      0.03561002526580303
0.26  0.28       1.4469113184544409e-05      0.03724071623069776
0.28  0.3       1.560326854575505e-05      0.040159814134602914
0.3  0.32       9.230215839932698e-06      0.023756801433428593
0.32  0.34       4.34444668631692e-06      0.011181770725060365
0.34  0.36       3.991998860043916e-06      0.010274637764183433
0.36  0.38       4.323880535079486e-06      0.011128837404792402
0.38  0.4       5.6761335698433414e-06      0.014609276799898721
0.4  0.42       6.319385066459613e-06      0.016264882512904446
0.42  0.44       4.28973436329252e-06      0.011040951721843887
0.44  0.46       1.6100418863639332e-06      0.0041439383495640615
0.46  0.48       1.012068038877532e-08      2.604868602607708e-05
0.48  0.5       0.0      0.0
0.5  0.52       0.0      0.0
0.52  0.54       0.0      0.0
0.54  0.56       0.0      0.0
