#o/p  it       t_pb[ms]       level        ejecta_mass[M]
#61  223000  95.72413793656486  6     0.002779663039049334
#  ye_bin          ye_bin_mass           ye_bin_mass/total_mass
0.0  0.02       0.0      0.0
0.02  0.04       0.0      0.0
0.04  0.06       0.0      0.0
0.06  0.08       4.508550845888576e-06      0.0016219774780437182
0.08  0.1       3.438744289489309e-05      0.0123710832614639
0.1  0.12       0.00017828057816423676      0.06413747841364617
0.12  0.14       0.0002728064625961172      0.09814371697708334
0.14  0.16       0.0003804952845975439      0.13688539914811984
0.16  0.18       0.0002945028457802188      0.10594911744444428
0.18  0.2       0.00024307552072609014      0.08744783713396564
0.2  0.22       0.0002021490465874074      0.0727242992217301
0.22  0.24       0.00014984379314551496      0.05390717905029333
0.24  0.26       0.00011512145488163514      0.04141561522543666
0.26  0.28       0.00011524400430522567      0.04145970309575365
0.28  0.3       0.00011468526125828147      0.041258692023873764
0.3  0.32       0.00011942950878805545      0.04296546275943622
0.32  0.34       0.00010418342566147345      0.0374805953807642
0.34  0.36       8.96624110955737e-05      0.032256575648190414
0.36  0.38       8.832157688753901e-05      0.03177420271693999
0.38  0.4       9.287218412391058e-05      0.03341131022689483
0.4  0.42       7.409229234242957e-05      0.026655134561838725
0.42  0.44       5.064314751085516e-05      0.01821916786294194
0.44  0.46       3.2324485699000974e-05      0.01162892237112891
0.46  0.48       2.3033761157444085e-05      0.008286529998010769
0.48  0.5       0.0      0.0
0.5  0.52       0.0      0.0
0.52  0.54       0.0      0.0
0.54  0.56       0.0      0.0
