#o/p  it       t_pb[ms]       level        ejecta_mass[M]
#104  294000  130.69950739672876  6     0.005764081193977604
#  ye_bin          ye_bin_mass           ye_bin_mass/total_mass
0.0  0.02       0.0      0.0
0.02  0.04       0.0      0.0
0.04  0.06       0.0      0.0
0.06  0.08       1.0625601817991617e-06      0.0001843416402443012
0.08  0.1       8.897985309153513e-06      0.001543695345313709
0.1  0.12       0.00019207712959319503      0.03332311310844823
0.12  0.14       0.00027711573007169356      0.04807630578854929
0.14  0.16       0.00040475139880381805      0.07021958664057477
0.16  0.18       0.0008194869224929594      0.14217130101310357
0.18  0.2       0.0009488619013082744      0.1646163316192803
0.2  0.22       0.0006161112764210359      0.10688802875725588
0.22  0.24       0.0003351963672459249      0.05815261027137213
0.24  0.26       0.00023950644718716963      0.041551539460861424
0.26  0.28       0.0001937905553284365      0.03362037223398444
0.28  0.3       0.0001544430716773786      0.026794048605481645
0.3  0.32       0.00012409475100776528      0.02152897345329231
0.32  0.34       0.00011344477094371618      0.0196813277131219
0.34  0.36       0.00010350370712070616      0.0179566705668283
0.36  0.38       0.00010335974163870071      0.017931694256266284
0.38  0.4       0.00012042464573710978      0.020892253541280995
0.4  0.42       0.00014000269465993991      0.02428881376726906
0.42  0.44       0.00013730366734170986      0.023820564409322814
0.44  0.46       0.00018484025733624354      0.03206760125609739
0.46  0.48       0.0003216938179566197      0.055810077466072146
0.48  0.5       0.0002241117946142739      0.03888074908598255
0.5  0.52       0.0      0.0
0.52  0.54       0.0      0.0
0.54  0.56       0.0      0.0
