#o/p  it       t_pb[ms]       level        ejecta_mass[M]
#72  247000  107.5467980357752  6     0.004233941722310948
#  ye_bin          ye_bin_mass           ye_bin_mass/total_mass
0.0  0.02       0.0      0.0
0.02  0.04       0.0      0.0
0.04  0.06       0.0      0.0
0.06  0.08       2.0721641631992526e-06      0.000489417261527217
0.08  0.1       6.140202767525906e-05      0.014502331799159704
0.1  0.12       0.00022652275363299845      0.05350162295322265
0.12  0.14       0.00042873577354723573      0.10126161427494222
0.14  0.16       0.0005094226355891214      0.12031876416831525
0.16  0.18       0.0005707026904525041      0.13479228763238765
0.18  0.2       0.0004966873607933051      0.11731086381656802
0.2  0.22       0.0003202376409418273      0.07563581691602426
0.22  0.24       0.0002142608345927187      0.050605522854427
0.24  0.26       0.00018787874255666727      0.04437442810481583
0.26  0.28       0.0001957218306660878      0.04622685986316787
0.28  0.3       0.00014931877686369412      0.03526708364379511
0.3  0.32       0.00011319942586315123      0.026736179495962763
0.32  0.34       8.615346207350291e-05      0.020348287181071328
0.34  0.36       8.204433451937513e-05      0.019377766606242783
0.36  0.38       9.094977074602646e-05      0.021481110679148586
0.38  0.4       0.00011106325977796084      0.026231645842621772
0.4  0.42       0.00012183408676130476      0.028775570083852245
0.42  0.44       0.00010106776721612142      0.02387084514733404
0.44  0.46       9.142498858088147e-05      0.021593350730151374
0.46  0.48       7.320043365404834e-05      0.01728895635674798
0.48  0.5       4.096164394956931e-08      9.67458851257212e-06
0.5  0.52       0.0      0.0
0.52  0.54       0.0      0.0
0.54  0.56       0.0      0.0
