#o/p  it       t_pb[ms]       level        ejecta_mass[M]
#76  254000  110.99507389804488  6     0.0045171095247147535
#  ye_bin          ye_bin_mass           ye_bin_mass/total_mass
0.0  0.02       0.0      0.0
0.02  0.04       0.0      0.0
0.04  0.06       0.0      0.0
0.06  0.08       0.0      0.0
0.08  0.1       7.510327284094456e-05      0.016626400672825656
0.1  0.12       0.0002408325319746616      0.05331562820360653
0.12  0.14       0.00037121213343532594      0.08217913057106298
0.14  0.16       0.0005339915748545222      0.11821532595852714
0.16  0.18       0.000612650787922605      0.1356289424842522
0.18  0.2       0.0005451748662240495      0.12069108867987348
0.2  0.22       0.00035420772770556637      0.07841468659716279
0.22  0.24       0.00023375117113432324      0.051747952945436757
0.24  0.26       0.0001884461084463524      0.04171829516536958
0.26  0.28       0.00016867881206331035      0.0373422010558759
0.28  0.3       0.00013899839949571162      0.030771536252375702
0.3  0.32       0.00010732749107156385      0.02376021446554174
0.32  0.34       9.24230003315763e-05      0.02046065073824231
0.34  0.36       9.457913195017606e-05      0.020937976250675158
0.36  0.38       0.00010124004266005324      0.02241257204549326
0.38  0.4       0.00011387708686616557      0.02521016730789955
0.4  0.42       0.00013131459480970927      0.029070491669781137
0.42  0.44       0.00012082936123340559      0.02674926533711527
0.44  0.46       0.00012906723851384663      0.028572970791979405
0.46  0.48       0.00016044879522362829      0.035520235749377876
0.48  0.5       2.955395957256806e-06      0.0006542670575257821
0.5  0.52       0.0      0.0
0.52  0.54       0.0      0.0
0.54  0.56       0.0      0.0
