#o/p  it       t_pb[ms]       level        ejecta_mass[M]
#92  274000  120.84729064738683  6     0.005183222563089946
#  ye_bin          ye_bin_mass           ye_bin_mass/total_mass
0.0  0.02       0.0      0.0
0.02  0.04       0.0      0.0
0.04  0.06       0.0      0.0
0.06  0.08       0.0      0.0
0.08  0.1       2.9261817762125505e-05      0.005645487417519123
0.1  0.12       0.0002609675398621972      0.05034851131428611
0.12  0.14       0.000269794383887652      0.052051475815234095
0.14  0.16       0.0004176554100849575      0.0805783284436034
0.16  0.18       0.0008639268666029017      0.16667755553369043
0.18  0.2       0.0007798004986163032      0.15044704122283145
0.2  0.22       0.00048266744888124694      0.09312111201212007
0.22  0.24       0.00029005418923639217      0.0559602034652894
0.24  0.26       0.00021289161380036144      0.04107321482129207
0.26  0.28       0.0001537353447898889      0.02966018590145983
0.28  0.3       0.00012417927824304666      0.023957929016464607
0.3  0.32       0.00010303881426479429      0.019879295749046195
0.32  0.34       8.970135947910741e-05      0.017306098356238152
0.34  0.36       8.683676139713086e-05      0.016753430966962697
0.36  0.38       9.25778677106729e-05      0.017861063572674987
0.38  0.4       0.00012037706872555597      0.02322436809539468
0.4  0.42       0.00014247930215314814      0.02748855570427406
0.42  0.44       0.00015100414208614295      0.02913325450491996
0.44  0.46       0.00018839762141943236      0.036347584755673755
0.46  0.48       0.00030722376884929475      0.05927273334489909
0.48  0.5       1.665146523762592e-05      0.00321256998613219
0.5  0.52       0.0      0.0
0.52  0.54       0.0      0.0
0.54  0.56       0.0      0.0
