#o/p  it       t_pb[ms]       level        ejecta_mass[M]
#49  182000  75.52709360041386  6     0.0006242859546343301
#  ye_bin          ye_bin_mass           ye_bin_mass/total_mass
0.0  0.02       0.0      0.0
0.02  0.04       0.0      0.0
0.04  0.06       0.0      0.0
0.06  0.08       4.810254213805566e-06      0.007705209732971054
0.08  0.1       2.6585154333179063e-05      0.04258489901274662
0.1  0.12       4.211840982895549e-05      0.06746653439228179
0.12  0.14       8.959023233079951e-05      0.1435083260575295
0.14  0.16       0.0001125071740776989      0.18021737193110324
0.16  0.18       7.485363745362348e-05      0.119902805594062
0.18  0.2       4.06844884382468e-05      0.0651696360237311
0.2  0.22       2.7282332247271474e-05      0.04370165954358505
0.22  0.24       2.674764010742102e-05      0.04284517360812356
0.24  0.26       2.4058501493368048e-05      0.03853763057581538
0.26  0.28       1.9707117150760294e-05      0.03156745239015278
0.28  0.3       1.588943237645504e-05      0.025452170209022455
0.3  0.32       1.5133330529834237e-05      0.024241023552577682
0.32  0.34       1.639146437595656e-05      0.02625634015033658
0.34  0.36       1.937836215480853e-05      0.031040842759563977
0.36  0.38       1.8120677829948856e-05      0.02902624621847032
0.38  0.4       1.2382658510017976e-05      0.019834914462028876
0.4  0.42       1.525659544064486e-05      0.02443847299044438
0.42  0.44       1.5294399289846378e-05      0.024499028331984397
0.44  0.46       7.215978787618419e-06      0.01155877163990517
0.46  0.48       2.781136640699674e-07      0.0004454908235647717
0.48  0.5       0.0      0.0
0.5  0.52       0.0      0.0
0.52  0.54       0.0      0.0
0.54  0.56       0.0      0.0
