#o/p  it       t_pb[ms]       level        ejecta_mass[M]
#28  108000  39.07389162784866  6     1.3079198282370555e-05
#  ye_bin          ye_bin_mass           ye_bin_mass/total_mass
0.0  0.02       0.0      0.0
0.02  0.04       0.0      0.0
0.04  0.06       0.0      0.0
0.06  0.08       0.0      0.0
0.08  0.1       5.01790342725217e-07      0.03836552760283327
0.1  0.12       6.7406174559100384e-06      0.5153693147228843
0.12  0.14       5.2055022167321795e-06      0.3979985702754177
0.14  0.16       6.312882670031207e-07      0.048266587398864795
0.16  0.18       0.0      0.0
0.18  0.2       0.0      0.0
0.2  0.22       0.0      0.0
0.22  0.24       0.0      0.0
0.24  0.26       0.0      0.0
0.26  0.28       0.0      0.0
0.28  0.3       0.0      0.0
0.3  0.32       0.0      0.0
0.32  0.34       0.0      0.0
0.34  0.36       0.0      0.0
0.36  0.38       0.0      0.0
0.38  0.4       0.0      0.0
0.4  0.42       0.0      0.0
0.42  0.44       0.0      0.0
0.44  0.46       0.0      0.0
0.46  0.48       0.0      0.0
0.48  0.5       0.0      0.0
0.5  0.52       0.0      0.0
0.52  0.54       0.0      0.0
0.54  0.56       0.0      0.0
