#o/p  it       t_pb[ms]       level        ejecta_mass[M]
#14  353000  159.76354680728753  5     0.007024895780216292
#  ye_bin          ye_bin_mass           ye_bin_mass/total_mass
0.0  0.02       0.0      0.0
0.02  0.04       0.0      0.0
0.04  0.06       0.0      0.0
0.06  0.08       0.0      0.0
0.08  0.1       0.0      0.0
0.1  0.12       4.620857374735066e-06      0.0006577830503547759
0.12  0.14       8.01254050439378e-05      0.011405920820859606
0.14  0.16       0.0002914687101711103      0.04149082339298935
0.16  0.18       0.000889776856732458      0.12666050637196247
0.18  0.2       0.001237266529528826      0.1761259623257687
0.2  0.22       0.0011285586330984966      0.16065129909496664
0.22  0.24       0.0007784611205240899      0.11081461488957799
0.24  0.26       0.0004282396946467686      0.06096029151817301
0.26  0.28       0.00028433001205428054      0.04047462353178515
0.28  0.3       0.0002099577356875855      0.029887665562081982
0.3  0.32       0.0001975370712400836      0.028119573217924885
0.32  0.34       0.00017589048426964017      0.025038162810185435
0.34  0.36       0.00015952375324739353      0.022708344470625284
0.36  0.38       0.00015642622107965822      0.022267408083147668
0.38  0.4       0.00016046875086207305      0.022842865699728904
0.4  0.42       0.00014514391284790537      0.02066136173246352
0.42  0.44       0.00013708913475119004      0.019514757092520048
0.44  0.46       0.00013063131604136398      0.018595481004750496
0.46  0.48       0.00016926082978990998      0.02409442575170824
0.48  0.5       0.00025980884061746945      0.036984013534997966
0.5  0.52       3.0991060731292185e-07      4.411604342739159e-05
0.52  0.54       0.0      0.0
0.54  0.56       0.0      0.0
