#o/p  it       t_pb[ms]       level        ejecta_mass[M]
#16  359000  162.7192118320901  5     0.007108452442995992
#  ye_bin          ye_bin_mass           ye_bin_mass/total_mass
0.0  0.02       0.0      0.0
0.02  0.04       0.0      0.0
0.04  0.06       0.0      0.0
0.06  0.08       0.0      0.0
0.08  0.1       0.0      0.0
0.1  0.12       3.392244086160457e-06      0.000477212742627667
0.12  0.14       7.645804581673005e-05      0.010755934070018954
0.14  0.16       0.0002668654141188327      0.037541984877703875
0.16  0.18       0.0008566534024546021      0.12051194114672156
0.18  0.2       0.0012387963072617715      0.1742708862717885
0.2  0.22       0.0011139407171136529      0.1567065020194693
0.22  0.24       0.0007372267067804681      0.10371128071720628
0.24  0.26       0.0004955753934313697      0.06971635491768163
0.26  0.28       0.00029354799852744667      0.04129562670376751
0.28  0.3       0.00021589067112661876      0.03037098058373273
0.3  0.32       0.0001990347576898413      0.027999731205341556
0.32  0.34       0.0001871438553570676      0.026326947652503714
0.34  0.36       0.00017115191947887732      0.02407724055993573
0.36  0.38       0.00016896810873499133      0.02377002731466211
0.38  0.4       0.00017104648570445916      0.02406240839002763
0.4  0.42       0.00015440063510859043      0.02172071014707603
0.42  0.44       0.00014680524436093203      0.020652208837041636
0.44  0.46       0.00014516057276076262      0.020420840390342677
0.46  0.48       0.00017761738942852616      0.024986787328588493
0.48  0.5       0.0002883582334377849      0.04056554302785078
0.5  0.52       3.2396389797356596e-07      4.557446231391333e-05
0.52  0.54       9.437631851282096e-08      1.327663359495506e-05
0.54  0.56       0.0      0.0
