#o/p  it       t_pb[ms]       level        ejecta_mass[M]
#51  189000  78.97536946268355  6     0.001111484863843762
#  ye_bin          ye_bin_mass           ye_bin_mass/total_mass
0.0  0.02       0.0      0.0
0.02  0.04       0.0      0.0
0.04  0.06       0.0      0.0
0.06  0.08       1.471643437027728e-05      0.01324033718226677
0.08  0.1       7.550176853685713e-05      0.06792874198552305
0.1  0.12       0.00014459001029997284      0.1300872508510358
0.12  0.14       0.0001442196416937094      0.1297540311929807
0.14  0.16       0.00016766028117287324      0.15084351269801974
0.16  0.18       0.00011710599081994975      0.10535995102530787
0.18  0.2       8.501961769026132e-05      0.07649192576158398
0.2  0.22       5.480577706851736e-05      0.04930861305568012
0.22  0.24       4.3325105685535026e-05      0.03897948329742177
0.24  0.26       2.7237320805360518e-05      0.024505345678903626
0.26  0.28       2.64952193812155e-05      0.023837678985199257
0.28  0.3       3.360299811155245e-05      0.03023252875918238
0.3  0.32       3.662280236134148e-05      0.03294943867673707
0.32  0.34       2.7009949805760343e-05      0.024300780590348237
0.34  0.36       2.66859364677656e-05      0.024009266644873323
0.36  0.38       2.84749153682258e-05      0.02561880624244689
0.38  0.4       2.1970329047757386e-05      0.019766647088453458
0.4  0.42       1.4834958261907959e-05      0.013346972814911193
0.42  0.44       1.4795599929543582e-05      0.013311562227106813
0.44  0.46       6.290821868414569e-06      0.005659835840372588
0.46  0.48       5.193850969627519e-07      0.0004672894016447536
0.48  0.5       0.0      0.0
0.5  0.52       0.0      0.0
0.52  0.54       0.0      0.0
0.54  0.56       0.0      0.0
