#o/p  it       t_pb[ms]       level        ejecta_mass[M]
#15  356000  161.2413793196888  5     0.007265131546029498
#  ye_bin          ye_bin_mass           ye_bin_mass/total_mass
0.0  0.02       0.0      0.0
0.02  0.04       0.0      0.0
0.04  0.06       0.0      0.0
0.06  0.08       0.0      0.0
0.08  0.1       0.0      0.0
0.1  0.12       4.245186688877344e-06      0.000584323444383798
0.12  0.14       7.493168148076042e-05      0.010313878146048394
0.14  0.16       0.00029036652980746566      0.03996714002599929
0.16  0.18       0.000897551693897528      0.12354238711452559
0.18  0.2       0.0012507674593065265      0.1721603320438278
0.2  0.22       0.0011276903709327307      0.15521953921798295
0.22  0.24       0.0008064671305251421      0.11100516562097053
0.24  0.26       0.0004914076068484121      0.0676391891509485
0.26  0.28       0.00029744945298942644      0.040942060182239504
0.28  0.3       0.0002194352893207721      0.03020389760742828
0.3  0.32       0.00020643866508384998      0.028414993421099412
0.32  0.34       0.00018856856810198095      0.025955286137253283
0.34  0.36       0.0001686315895172408      0.023211085504625237
0.36  0.38       0.0001678235208891384      0.023099859902861147
0.38  0.4       0.00017603496501355844      0.024230113921304586
0.4  0.42       0.00015179312066635736      0.020893375392399407
0.42  0.44       0.00014660098753223165      0.020178710681756515
0.44  0.46       0.00013628022649113026      0.018758122358515233
0.46  0.48       0.00017979579962516023      0.024747769326134404
0.48  0.5       0.0002825731365545892      0.03889442810006924
0.5  0.52       2.785647566322125e-07      3.834269962867393e-05
0.52  0.54       0.0      0.0
0.54  0.56       0.0      0.0
