#o/p  it       t_pb[ms]       level        ejecta_mass[M]
#50  424000  194.73891626745143  5     0.008510401956634547
#  ye_bin          ye_bin_mass           ye_bin_mass/total_mass
0.0  0.02       0.0      0.0
0.02  0.04       0.0      0.0
0.04  0.06       0.0      0.0
0.06  0.08       0.0      0.0
0.08  0.1       0.0      0.0
0.1  0.12       4.60315801401545e-08      5.408860871050769e-06
0.12  0.14       1.645007575161209e-05      0.0019329375786754613
0.14  0.16       0.0001545826798195894      0.01816396929396263
0.16  0.18       0.0006529569468947606      0.07672457190881893
0.18  0.2       0.0011767029782461299      0.13826643961614465
0.2  0.22       0.001023435398022357      0.1202569988159615
0.22  0.24       0.0007197498649226722      0.08457295772752178
0.24  0.26       0.0006665454929020677      0.07832127040514715
0.26  0.28       0.0008884170334635833      0.10439190040500854
0.28  0.3       0.0007134521248249938      0.08383295271603478
0.3  0.32       0.0003959420758299402      0.046524485899431735
0.32  0.34       0.0003283611891221086      0.03858351118963593
0.34  0.36       0.000258437276385382      0.03036722327597103
0.36  0.38       0.00021517990058632212      0.025284340467440786
0.38  0.4       0.00019897441889577292      0.02338014348906943
0.4  0.42       0.00016964898147618543      0.019934308901112516
0.42  0.44       0.00014785419943703728      0.01737335089346432
0.44  0.46       0.00015516770147047193      0.018232711246911924
0.46  0.48       0.000206166306562823      0.024225213757629826
0.48  0.5       0.000422160388464485      0.04960522318635924
0.5  0.52       5.286173731240745e-08      6.211426626118106e-06
0.52  0.54       0.0      0.0
0.54  0.56       1.1803023874947737e-07      1.3868938194800923e-05
