#o/p  it       t_pb[ms]       level        ejecta_mass[M]
#51  425000  195.2315271049185  5     0.008544414100766368
#  ye_bin          ye_bin_mass           ye_bin_mass/total_mass
0.0  0.02       0.0      0.0
0.02  0.04       0.0      0.0
0.04  0.06       0.0      0.0
0.06  0.08       0.0      0.0
0.08  0.1       0.0      0.0
0.1  0.12       4.478912891952764e-08      5.241919269281483e-06
0.12  0.14       1.559976946540392e-05      0.001825727227336131
0.14  0.16       0.00015233816251491373      0.01782897700396452
0.16  0.18       0.0006483440997392738      0.07587929284479815
0.18  0.2       0.0011729301030277822      0.1372744917550964
0.2  0.22       0.001023173822415821      0.11974768665812326
0.22  0.24       0.0007137267548726908      0.08353138628998272
0.24  0.26       0.0006746422660172306      0.0789571125721447
0.26  0.28       0.0009038490434607186      0.10578244836935635
0.28  0.3       0.0007232506646329764      0.0846460220798646
0.3  0.32       0.0004061898002629868      0.04753863699402803
0.32  0.34       0.00033397291424808694      0.039086695741739876
0.34  0.36       0.0002539756297858414      0.029724171463443205
0.36  0.38       0.00021388939869752146      0.02503265831630717
0.38  0.4       0.00019877541345522036      0.023263785101121415
0.4  0.42       0.00016893289334877178      0.01977115005856514
0.42  0.44       0.00015018833423802877      0.017577370720428687
0.44  0.46       0.00015902880478665978      0.018612019842577168
0.46  0.48       0.00020871702121788005      0.024427306396486537
0.48  0.5       0.00042246406949047625      0.04944330465591368
0.5  0.52       2.813060031122258e-07      3.292279608580708e-05
0.52  0.54       9.903995599440781e-08      1.1591193360528337e-05
0.54  0.56       0.0      0.0
