#o/p  it       t_pb[ms]       level        ejecta_mass[M]
#40  407000  186.36453203051076  5     0.008056690577202387
#  ye_bin          ye_bin_mass           ye_bin_mass/total_mass
0.0  0.02       0.0      0.0
0.02  0.04       0.0      0.0
0.04  0.06       0.0      0.0
0.06  0.08       0.0      0.0
0.08  0.1       0.0      0.0
0.1  0.12       3.144563030529473e-08      3.903045550027062e-06
0.12  0.14       2.582947237719141e-05      0.0032059655425119306
0.14  0.16       0.00018965745220338024      0.023540366902018606
0.16  0.18       0.0007089936328517702      0.08800060348078577
0.18  0.2       0.0011843316724900494      0.1469997713256226
0.2  0.22       0.0010433612648724643      0.12950246194446283
0.22  0.24       0.0007090158720470598      0.08800336381954725
0.24  0.26       0.0006843766563054985      0.08494513345740803
0.26  0.28       0.0007087513370253247      0.08797052961557725
0.28  0.3       0.000511240509395516      0.06345539828005158
0.3  0.32       0.00033020091245752843      0.0409846833874794
0.32  0.34       0.00027336816055317103      0.03393057706928788
0.34  0.36       0.00021876933196909935      0.027153746302252188
0.36  0.38       0.0001964201398745834      0.024379754688653877
0.38  0.4       0.00019658227703845231      0.024399879225188482
0.4  0.42       0.00017653496458731646      0.021911597931643125
0.42  0.44       0.0001509216503754073      0.018732462036268677
0.44  0.46       0.00015224982456149805      0.018897315604041162
0.46  0.48       0.00017826283801777997      0.022126062346517487
0.48  0.5       0.00041715812947286775      0.051777851647086856
0.5  0.52       2.547540692879363e-07      3.162018782362092e-05
0.52  0.54       1.223827089567258e-07      1.5190195997228193e-05
0.54  0.56       2.5589631792431553e-07      3.1761964229880256e-05
