#o/p  it       t_pb[ms]       level        ejecta_mass[M]
#93  277000  122.32512315978812  6     0.005247199862665864
#  ye_bin          ye_bin_mass           ye_bin_mass/total_mass
0.0  0.02       0.0      0.0
0.02  0.04       0.0      0.0
0.04  0.06       0.0      0.0
0.06  0.08       0.0      0.0
0.08  0.1       2.4494502026159138e-05      0.004668109213914065
0.1  0.12       0.0002458062195349797      0.04684521763386705
0.12  0.14       0.0002923230231788545      0.05571028945528643
0.14  0.16       0.00038447773853792427      0.073272935775423
0.16  0.18       0.0008498004761410323      0.16195313660289798
0.18  0.2       0.0008127820116421269      0.15489823771057754
0.2  0.22       0.0005068934230623505      0.09660265214384667
0.22  0.24       0.00029434171388815247      0.05609500716418505
0.24  0.26       0.00021886752256261203      0.04171129903396044
0.26  0.28       0.0001541454131290883      0.02937669941368957
0.28  0.3       0.00011930982977145755      0.02273780928764578
0.3  0.32       0.00010195841012473052      0.019431013262934886
0.32  0.34       9.246092674633006e-05      0.017621003423977613
0.34  0.36       8.634332059311187e-05      0.016455123275835114
0.36  0.38       9.157215454602718e-05      0.017451623140480783
0.38  0.4       0.0001221319090554974      0.02327563505336877
0.4  0.42       0.00014775699745230494      0.028159208972313915
0.42  0.44       0.0001622023340966583      0.030912169984363934
0.44  0.46       0.00020504171639324745      0.039076406799773596
0.46  0.48       0.00030933585354128105      0.05895255786657258
0.48  0.5       2.515436664195879e-05      0.004793864785089204
0.5  0.52       0.0      0.0
0.52  0.54       0.0      0.0
0.54  0.56       0.0      0.0
