#o/p  it       t_pb[ms]       level        ejecta_mass[M]
#33  396000  180.9458128183727  5     0.007878555372348635
#  ye_bin          ye_bin_mass           ye_bin_mass/total_mass
0.0  0.02       0.0      0.0
0.02  0.04       0.0      0.0
0.04  0.06       0.0      0.0
0.06  0.08       0.0      0.0
0.08  0.1       0.0      0.0
0.1  0.12       6.244977127337819e-07      7.92655103911031e-05
0.12  0.14       3.150433738851788e-05      0.0039987454424815815
0.14  0.16       0.000211840306809138      0.026888217039463085
0.16  0.18       0.0007563703339972114      0.09600368319449075
0.18  0.2       0.0012024020714175236      0.15261707439889222
0.2  0.22       0.0010504108196314555      0.13332530774843346
0.22  0.24       0.0007016632545581681      0.0890598874281947
0.24  0.26       0.0006504827542813814      0.08256370914957083
0.26  0.28       0.0005970400101664321      0.07578039144864848
0.28  0.3       0.0004078625630236066      0.051768699177400186
0.3  0.32       0.00028541171281354333      0.036226401836972906
0.32  0.34       0.00023334930618397343      0.02961828598716961
0.34  0.36       0.00021018056162432476      0.02667755085684813
0.36  0.38       0.00018172118350430285      0.023065292419228233
0.38  0.4       0.0001751681377630732      0.02223353514501666
0.4  0.42       0.00020484939190268392      0.026000882423400082
0.42  0.44       0.00018901055342374678      0.023990508981775654
0.44  0.46       0.00016039955983134467      0.020359006473991283
0.46  0.48       0.0001887134165005191      0.023952794336236635
0.48  0.5       0.0004393796380107626      0.05576906136280431
0.5  0.52       1.709618041924153e-07      2.169963859014559e-05
0.52  0.54       0.0      0.0
0.54  0.56       0.0      0.0
