#o/p  it       t_pb[ms]       level        ejecta_mass[M]
#44  165000  67.1527093634732  6     0.00036994826018872933
#  ye_bin          ye_bin_mass           ye_bin_mass/total_mass
0.0  0.02       0.0      0.0
0.02  0.04       0.0      0.0
0.04  0.06       0.0      0.0
0.06  0.08       8.472414142354755e-07      0.002290161910217539
0.08  0.1       3.486650470339189e-05      0.09424697574089068
0.1  0.12       4.495420803456173e-05      0.12151485186503733
0.12  0.14       9.685099141676167e-05      0.2617960451208855
0.14  0.16       4.618434497188575e-05      0.12484001127164317
0.16  0.18       2.3165161101368895e-05      0.06261729975308215
0.18  0.2       1.61167743037195e-05      0.04356494147451191
0.2  0.22       1.408181858263214e-05      0.0380642919511185
0.22  0.24       1.2029449987041841e-05      0.03251657402282419
0.24  0.26       1.193979217421527e-05      0.03227422171988099
0.26  0.28       1.344640645586493e-05      0.036346721698340294
0.28  0.3       1.8479905948499403e-05      0.04995267700156737
0.3  0.32       9.550096628155254e-06      0.025814681824110394
0.32  0.34       4.971401445629406e-06      0.01343809927121496
0.34  0.36       3.7158721480227484e-06      0.01004430226574682
0.36  0.38       3.894905495017931e-06      0.010528243849642495
0.38  0.4       4.9038653167108535e-06      0.013255543664968564
0.4  0.42       5.2219993727323176e-06      0.014115485689994356
0.42  0.44       3.3570063056567463e-06      0.00907425893540942
0.44  0.46       1.2978550727310775e-06      0.0035082069910775523
0.46  0.48       7.265930989463915e-08      0.00019640397783617623
0.48  0.5       0.0      0.0
0.5  0.52       0.0      0.0
0.52  0.54       0.0      0.0
0.54  0.56       0.0      0.0
