#o/p  it       t_pb[ms]       level        ejecta_mass[M]
#53  196000  82.42364532495323  6     0.0014717011511877292
#  ye_bin          ye_bin_mass           ye_bin_mass/total_mass
0.0  0.02       0.0      0.0
0.02  0.04       0.0      0.0
0.04  0.06       0.0      0.0
0.06  0.08       7.858204583621533e-08      5.33953824611716e-05
0.08  0.1       5.439594296773711e-05      0.03696126956470553
0.1  0.12       0.0001599412962970525      0.10867783596416478
0.12  0.14       0.0002164197776401931      0.14705416073469305
0.14  0.16       0.00024948085012113533      0.16951868925276917
0.16  0.18       0.0001790989106295638      0.12169516242140797
0.18  0.2       0.00014029006617923036      0.09532510460157619
0.2  0.22       8.01073623984504e-05      0.05443181337039802
0.22  0.24       5.445588965378604e-05      0.037002002485244836
0.24  0.26       4.235733512256244e-05      0.028781206760882236
0.26  0.28       3.7481384360503293e-05      0.025468067569461454
0.28  0.3       4.332825314946413e-05      0.02944093175064535
0.3  0.32       4.429333854549872e-05      0.03009669355069268
0.32  0.34       3.6583980674228454e-05      0.0248582945285485
0.34  0.36       3.2657815466770196e-05      0.022190521112532845
0.36  0.38       2.9122699307500125e-05      0.019788459962810243
0.38  0.4       2.733243482100186e-05      0.0185720007074421
0.4  0.42       2.1020532770465333e-05      0.0142831530392572
0.42  0.44       1.923081090812979e-05      0.013067062489289797
0.44  0.46       3.403167330230537e-06      0.0023124037971187475
0.46  0.48       6.207207983905023e-07      0.0004217709538988623
0.48  0.5       0.0      0.0
0.5  0.52       0.0      0.0
0.52  0.54       0.0      0.0
0.54  0.56       0.0      0.0
