#o/p  it       t_pb[ms]       level        ejecta_mass[M]
#1  304000  135.62561577139974  5     0.0053859206798398266
#  ye_bin          ye_bin_mass           ye_bin_mass/total_mass
0.0  0.02       0.0      0.0
0.02  0.04       0.0      0.0
0.04  0.06       0.0      0.0
0.06  0.08       1.2368508988437383e-07      2.2964521246542408e-05
0.08  0.1       1.2763000943317261e-06      0.0002369697160801266
0.1  0.12       0.00010645786607690706      0.019765955053031536
0.12  0.14       0.00022475213587434923      0.04172956663020021
0.14  0.16       0.0004442190973856764      0.08247783875623046
0.16  0.18       0.000834722255092024      0.15498227781491353
0.18  0.2       0.0009747563261063079      0.1809823025717669
0.2  0.22       0.0006302089272676184      0.11701043604792939
0.22  0.24       0.0003456935263456821      0.06418466718970745
0.24  0.26       0.0002532786566191204      0.04702606511959488
0.26  0.28       0.00019891670880317896      0.036932721558219195
0.28  0.3       0.00016094460461964994      0.02988246841846106
0.3  0.32       0.00012775847299214863      0.02372082334416185
0.32  0.34       0.00011416986377439921      0.021197836091747742
0.34  0.36       9.908286667570577e-05      0.018396644244425157
0.36  0.38       9.645919810316804e-05      0.017909509596795003
0.38  0.4       0.00010605732571282527      0.019691587013119426
0.4  0.42       0.0001063459512460736      0.019745175907276126
0.42  0.44       0.00010527550846688311      0.019546427570116747
0.44  0.46       0.00014734489927084355      0.02735742095541323
0.46  0.48       0.00017858365508536012      0.03315749816996397
0.48  0.5       0.00012941080604653924      0.024027610828161662
0.5  0.52       8.204309116490412e-08      1.523288144067952e-05
0.52  0.54       0.0      0.0
0.54  0.56       0.0      0.0
