#o/p  it       t_pb[ms]       level        ejecta_mass[M]
#0  300000  133.65517242153135  5     0.00560963921316042
#  ye_bin          ye_bin_mass           ye_bin_mass/total_mass
0.0  0.02       0.0      0.0
0.02  0.04       0.0      0.0
0.04  0.06       0.0      0.0
0.06  0.08       2.952695393701069e-07      5.263610156556837e-05
0.08  0.1       2.0008867949270534e-06      0.00035668725187047663
0.1  0.12       0.00014491775193927706      0.02583370274496347
0.12  0.14       0.00025099194856172515      0.044742975265305615
0.14  0.16       0.00045295031711237486      0.08074499979423573
0.16  0.18       0.0008227071233246261      0.14665954298710066
0.18  0.2       0.0009475175056014067      0.16890881384644055
0.2  0.22       0.0006177167689350448      0.11011702276429088
0.22  0.24       0.0003435774942155562      0.06124769903374726
0.24  0.26       0.0002508415646640313      0.04471616714236234
0.26  0.28       0.0001940270938643846      0.03458815914741716
0.28  0.3       0.00015554586883446974      0.027728319580616414
0.3  0.32       0.0001264053590238459      0.022533598725439287
0.32  0.34       0.00011543495415308677      0.020577964066257972
0.34  0.36       0.00010522890563206426      0.018758587073691543
0.36  0.38       0.00011065888442236069      0.01972655998317162
0.38  0.4       0.00012772159904087327      0.022768237704348916
0.4  0.42       0.0001379999703240241      0.024600507284010545
0.42  0.44       0.00013704602490284803      0.02443045260046903
0.44  0.46       0.00018758232020525163      0.0334392842529296
0.46  0.48       0.00023512444408385757      0.0419143611824887
0.48  0.5       0.00014312438931199614      0.025514009702481587
0.5  0.52       6.51072192579609e-08      1.1606311348012713e-05
0.52  0.54       5.2596537721808595e-08      9.376099910029006e-06
0.54  0.56       1.0506491603324241e-07      1.872935353609841e-05
