#o/p  it       t_pb[ms]       level        ejecta_mass[M]
#39  405000  185.37931035557656  5     0.007995822082024364
#  ye_bin          ye_bin_mass           ye_bin_mass/total_mass
0.0  0.02       0.0      0.0
0.02  0.04       0.0      0.0
0.04  0.06       0.0      0.0
0.06  0.08       0.0      0.0
0.08  0.1       0.0      0.0
0.1  0.12       6.780263027442027e-08      8.479757250583314e-06
0.12  0.14       2.6940105915498817e-05      0.003369272807615822
0.14  0.16       0.0001931260521917705      0.02415337037400353
0.16  0.18       0.0007186744696163324      0.08988124826239005
0.18  0.2       0.001188134140225551      0.14859436941407553
0.2  0.22       0.001048684265104785      0.13115402698396228
0.22  0.24       0.0007134934823306567      0.08923328646027301
0.24  0.26       0.0006746427825727538      0.08437441149290172
0.26  0.28       0.0006920634109306165      0.08655312784991352
0.28  0.3       0.0004985799241092885      0.06235505480170204
0.3  0.32       0.00031912916960909004      0.03991198982860479
0.32  0.34       0.0002697576316795019      0.033737322930928106
0.34  0.36       0.00021110482060824858      0.02640189069274557
0.36  0.38       0.00018827514450407064      0.023546690080478074
0.38  0.4       0.000196651559004658      0.02459428899084135
0.4  0.42       0.0001828342683095515      0.02286622519035115
0.42  0.44       0.00015352336982195667      0.019200448465092404
0.44  0.46       0.00014710705018836567      0.018397989434892657
0.46  0.48       0.00017068304410823966      0.021346528519182173
0.48  0.5       0.0004018608474912414      0.050258853107134065
0.5  0.52       4.669131499990674e-08      5.839463975177089e-06
0.52  0.54       1.9564278861571524e-07      2.446812680531566e-05
0.54  0.56       2.4640696824194973e-07      3.081696487418151e-05
