#o/p  it       t_pb[ms]       level        ejecta_mass[M]
#48  179000  74.04926108801257  6     0.0005396774860893219
#  ye_bin          ye_bin_mass           ye_bin_mass/total_mass
0.0  0.02       0.0      0.0
0.02  0.04       0.0      0.0
0.04  0.06       0.0      0.0
0.06  0.08       8.108891733025665e-08      0.00015025440086050882
0.08  0.1       1.4899925178683424e-05      0.02760894342036225
0.1  0.12       5.474598578154196e-05      0.10144204120547834
0.12  0.14       8.48298723482746e-05      0.15718623536249282
0.14  0.16       0.00010429983414464643      0.19326326710502018
0.16  0.18       5.7014392570296095e-05      0.10564530490875369
0.18  0.2       2.7499652509716586e-05      0.05095571562376631
0.2  0.22       2.0915922430136542e-05      0.0387563368294277
0.22  0.24       2.418520062736861e-05      0.044814173744067806
0.24  0.26       2.261214092028812e-05      0.04189935934541762
0.26  0.28       1.871191847223027e-05      0.034672408900773125
0.28  0.3       1.2914015719566659e-05      0.023929135553061153
0.3  0.32       1.0178179184938293e-05      0.018859743916116792
0.32  0.34       1.083435287760929e-05      0.02007560655553472
0.34  0.36       1.5617844505166335e-05      0.0289392181584937
0.36  0.38       1.7261344818960494e-05      0.03198455608004291
0.38  0.4       1.1344498571843284e-05      0.021020885369981243
0.4  0.42       1.1039383764949219e-05      0.02045552028665152
0.42  0.44       1.3247092917644907e-05      0.024546313787587544
0.44  0.46       5.758267249976847e-06      0.010669830405013037
0.46  0.48       1.6865725781536928e-06      0.0031251490410970162
0.48  0.5       0.0      0.0
0.5  0.52       0.0      0.0
0.52  0.54       0.0      0.0
0.54  0.56       0.0      0.0
