#o/p  it       t_pb[ms]       level        ejecta_mass[M]
#3  313000  140.05911330860363  5     0.005538327473468954
#  ye_bin          ye_bin_mass           ye_bin_mass/total_mass
0.0  0.02       0.0      0.0
0.02  0.04       0.0      0.0
0.04  0.06       0.0      0.0
0.06  0.08       3.4888453324010823e-07      6.299456558165257e-05
0.08  0.1       2.7169090236251137e-06      0.0004905648928562483
0.1  0.12       5.9373412401438515e-05      0.01072045896272178
0.12  0.14       0.0001917112933305      0.03461537697958132
0.14  0.16       0.0004016648271200291      0.0725245715505596
0.16  0.18       0.0009388154344538402      0.16951244558058054
0.18  0.2       0.0010273790231531156      0.185503480622032
0.2  0.22       0.0006933586573151253      0.1251927880098497
0.22  0.24       0.00037892531629893855      0.06841872715439073
0.24  0.26       0.0002613798263060821      0.0471947221536118
0.26  0.28       0.0002013693692339533      0.03635923845215039
0.28  0.3       0.0001727088347322196      0.03118429445704891
0.3  0.32       0.0001430493026496018      0.025828971532447554
0.32  0.34       0.00012090967789244142      0.021831442519723222
0.34  0.36       0.00010560227564794237      0.019067539099813822
0.36  0.38       9.894682369889486e-05      0.017865831186923135
0.38  0.4       9.663677963526576e-05      0.017448729801225877
0.4  0.42       9.568143780367128e-05      0.017276233350596876
0.42  0.44       0.00010361470778778554      0.018708663993623698
0.44  0.46       0.00012121440982144542      0.02188646489434152
0.46  0.48       0.00015820229697241075      0.02856499506940858
0.48  0.5       0.0001647179736573958      0.029741465170932554
0.5  0.52       0.0      0.0
0.52  0.54       0.0      0.0
0.54  0.56       0.0      0.0
