#o/p  it       t_pb[ms]       level        ejecta_mass[M]
#74  251000  109.51724138564359  6     0.004352152272692379
#  ye_bin          ye_bin_mass           ye_bin_mass/total_mass
0.0  0.02       0.0      0.0
0.02  0.04       0.0      0.0
0.04  0.06       0.0      0.0
0.06  0.08       0.0      0.0
0.08  0.1       7.643729691152534e-05      0.017563102603539837
0.1  0.12       0.00023116171875565264      0.05311434533347536
0.12  0.14       0.00039443916478072017      0.09063082816647582
0.14  0.16       0.0005409552597117819      0.12429603235760174
0.16  0.18       0.0006019556342518361      0.13831217212431018
0.18  0.2       0.0005225448752214259      0.12006585304933809
0.2  0.22       0.00032768402479066476      0.07529240804526104
0.22  0.24       0.00021962143640101765      0.05046271882053265
0.24  0.26       0.00018553675785924726      0.042631035458800336
0.26  0.28       0.0001712529435175417      0.03934902383633724
0.28  0.3       0.00013748391888923064      0.03158986870746109
0.3  0.32       0.00010315094645224146      0.023701134516699487
0.32  0.34       8.426221425720004e-05      0.01936104459991074
0.34  0.36       8.189670281198263e-05      0.01881751778903608
0.36  0.38       9.740891782649947e-05      0.02238178071978149
0.38  0.4       0.00011723704467490618      0.026937716635171784
0.4  0.42       0.00012774024146173637      0.02935105057404442
0.42  0.44       0.00011198713892544493      0.025731438586859497
0.44  0.46       0.00010191802063125405      0.023417843458911042
0.46  0.48       0.00011669365963838846      0.026812862309663184
0.48  0.5       7.843549220847696e-07      0.0001802223067897261
0.5  0.52       0.0      0.0
0.52  0.54       0.0      0.0
0.54  0.56       0.0      0.0
