#o/p  it       t_pb[ms]       level        ejecta_mass[M]
#46  172000  70.60098522574289  6     0.0004322171782096574
#  ye_bin          ye_bin_mass           ye_bin_mass/total_mass
0.0  0.02       0.0      0.0
0.02  0.04       0.0      0.0
0.04  0.06       0.0      0.0
0.06  0.08       0.0      0.0
0.08  0.1       2.9646269375571166e-05      0.06859114091293828
0.1  0.12       4.931511585551434e-05      0.11409800059263922
0.12  0.14       8.251631882680339e-05      0.19091401958757143
0.14  0.16       7.611956239508431e-05      0.17611415333002028
0.16  0.18       3.5775568409651347e-05      0.08277220391341675
0.18  0.2       2.2150043511284466e-05      0.05124748535686393
0.2  0.22       1.701674192566382e-05      0.03937081352516127
0.22  0.24       1.3796218649344588e-05      0.031919644440074516
0.24  0.26       1.629219631059803e-05      0.03769446734644847
0.26  0.28       1.7298737977182675e-05      0.04002325416319178
0.28  0.3       1.4485166512034041e-05      0.03351362981923791
0.3  0.32       8.851960441638874e-06      0.02048035313706346
0.32  0.34       7.921666375238942e-06      0.018327976708497104
0.34  0.36       6.9406663859609214e-06      0.016058284436335345
0.36  0.38       7.353213335239665e-06      0.017012774378145634
0.38  0.4       8.662086970192288e-06      0.020041052061078733
0.4  0.42       7.89198367989076e-06      0.01825930129057148
0.42  0.44       6.774872682388722e-06      0.01567469555571992
0.44  0.46       2.9012701897611953e-06      0.006712528645388231
0.46  0.48       5.075184006137361e-07      0.001174220799635946
0.48  0.5       0.0      0.0
0.5  0.52       0.0      0.0
0.52  0.54       0.0      0.0
0.54  0.56       0.0      0.0
