#o/p  it       t_pb[ms]       level        ejecta_mass[M]
#60  220000  94.24630542416357  6     0.0025203809295563325
#  ye_bin          ye_bin_mass           ye_bin_mass/total_mass
0.0  0.02       0.0      0.0
0.02  0.04       0.0      0.0
0.04  0.06       0.0      0.0
0.06  0.08       8.991301631490768e-06      0.003567437575030979
0.08  0.1       3.9598722296777086e-05      0.015711403713782157
0.1  0.12       0.00016487632862822286      0.06541722590213629
0.12  0.14       0.00026610336771900543      0.10558061465964516
0.14  0.16       0.00034367278719437354      0.13635747801617865
0.16  0.18       0.00026819948404436665      0.10641228113544658
0.18  0.2       0.00022842847663343785      0.09063252064585672
0.2  0.22       0.00019702209064305048      0.07817155269371628
0.22  0.24       0.0001538183129879353      0.061029787673807005
0.24  0.26       0.00011539114244683125      0.045783215185310804
0.26  0.28       0.00010252112832495093      0.04067683861700934
0.28  0.3       0.00010331292798254509      0.04099099734131517
0.3  0.32       0.00010568185201035084      0.04193090447996455
0.32  0.34       8.064529117743932e-05      0.031997262886620664
0.34  0.36       6.841070388988174e-05      0.02714300171360375
0.36  0.38       6.92229006956173e-05      0.027465253320974277
0.38  0.4       6.747162146670942e-05      0.026770406280842072
0.4  0.42       5.091663701360142e-05      0.02020196090856963
0.42  0.44       4.6371228326751766e-05      0.018398499918389155
0.44  0.46       2.736068041100322e-05      0.01085577187565039
0.46  0.48       1.2363944031995584e-05      0.004905585456152469
0.48  0.5       0.0      0.0
0.5  0.52       0.0      0.0
0.52  0.54       0.0      0.0
0.54  0.56       0.0      0.0
