#o/p  it       t_pb[ms]       level        ejecta_mass[M]
#75  252000  110.00985222311068  6     0.004404442246129973
#  ye_bin          ye_bin_mass           ye_bin_mass/total_mass
0.0  0.02       0.0      0.0
0.02  0.04       0.0      0.0
0.04  0.06       0.0      0.0
0.06  0.08       0.0      0.0
0.08  0.1       7.488340560472358e-05      0.017001790787589725
0.1  0.12       0.00023371282165192972      0.053062977919005494
0.12  0.14       0.00038173846431460484      0.08667123848655862
0.14  0.16       0.0005381404687953172      0.12218129759066819
0.16  0.18       0.0006049777936546596      0.1373562780136877
0.18  0.2       0.0005379403126796534      0.12213585344485388
0.2  0.22       0.00033597009107891947      0.07627982666230315
0.22  0.24       0.0002245430312566446      0.050981036578227945
0.24  0.26       0.00018478931304204135      0.041955213104317386
0.26  0.28       0.00016576173307936655      0.03763512468009213
0.28  0.3       0.00013654967031789009      0.03100271559648022
0.3  0.32       0.00010758733248188755      0.024427004934942834
0.32  0.34       8.527030604925537e-05      0.01936006905850096
0.34  0.36       8.523015353380265e-05      0.01935095269070479
0.36  0.38       0.00010080322438564592      0.02288671726237712
0.38  0.4       0.00011579433033350531      0.02629035048313999
0.4  0.42       0.00012429653046261045      0.028220719790757933
0.42  0.44       0.00010952250904639396      0.024866374202687638
0.44  0.46       0.00011263782676147405      0.025573686852278493
0.46  0.48       0.00014304779126388041      0.03247807174440111
0.48  0.5       1.2451363357582863e-06      0.00028270011642276464
0.5  0.52       0.0      0.0
0.52  0.54       0.0      0.0
0.54  0.56       0.0      0.0
