#o/p  it       t_pb[ms]       level        ejecta_mass[M]
#67  238000  103.11330049857132  6     0.004082894819401712
#  ye_bin          ye_bin_mass           ye_bin_mass/total_mass
0.0  0.02       0.0      0.0
0.02  0.04       0.0      0.0
0.04  0.06       0.0      0.0
0.06  0.08       4.358651418828672e-06      0.001067539481574832
0.08  0.1       3.870503798586458e-05      0.00947980285995617
0.1  0.12       0.0002599787426606723      0.06367510165220673
0.12  0.14       0.00042760587256517735      0.10473105271613062
0.14  0.16       0.0004473287607523742      0.10956166654763926
0.16  0.18       0.0005068846016430947      0.12414833691879702
0.18  0.2       0.00044855449641905787      0.10986187895106905
0.2  0.22       0.00028840608441114973      0.07063764734782253
0.22  0.24       0.00020521775211678234      0.05026280646310011
0.24  0.26       0.0001586064255630392      0.03884656171139883
0.26  0.28       0.00014613205215133657      0.03579128501104764
0.28  0.3       0.0001696614301457823      0.04155420054897316
0.3  0.32       0.0001804285731390682      0.044191335099224356
0.32  0.34       0.00013099420616006886      0.03208365925509296
0.34  0.36       0.00011379427312633007      0.02787097835231644
0.36  0.38       0.00010137528496729435      0.02482926684409406
0.38  0.4       0.00010324959651715955      0.025288331216989136
0.4  0.42       0.00011028318730037774      0.027011028247976788
0.42  0.44       0.00010201317634829737      0.024985501919749648
0.44  0.46       0.00010439794413782929      0.02556958941037018
0.46  0.48       3.491828405340751e-05      0.00855233494810534
0.48  0.5       3.858187125838799e-10      9.449636340140056e-08
0.5  0.52       0.0      0.0
0.52  0.54       0.0      0.0
0.54  0.56       0.0      0.0
