#o/p  it       t_pb[ms]       level        ejecta_mass[M]
#38  144000  56.80788177666416  6     0.00016220577197541793
#  ye_bin          ye_bin_mass           ye_bin_mass/total_mass
0.0  0.02       0.0      0.0
0.02  0.04       0.0      0.0
0.04  0.06       0.0      0.0
0.06  0.08       0.0      0.0
0.08  0.1       4.420989703290539e-06      0.02725544010826282
0.1  0.12       4.64797527776046e-05      0.2865480815605535
0.12  0.14       7.231363287184319e-05      0.4458141778259421
0.14  0.16       1.132581944723941e-05      0.06982377574674607
0.16  0.18       5.19988939833767e-06      0.03205736352665494
0.18  0.2       3.3087829888592663e-06      0.020398676006182493
0.2  0.22       2.5676292157322646e-06      0.01582945652588359
0.22  0.24       2.1185412164974596e-06      0.013060825090851403
0.24  0.26       2.00496754902694e-06      0.012360642439596973
0.26  0.28       1.705533529227066e-06      0.010514629093997576
0.28  0.3       1.6030566385630097e-06      0.009882858168610367
0.3  0.32       1.4737803997596665e-06      0.009085869028033208
0.32  0.34       1.7575701807421431e-06      0.010835435504776616
0.34  0.36       2.083970900977717e-06      0.012847698793934043
0.36  0.38       1.983682927639147e-06      0.012229422562963862
0.38  0.4       6.362592142573107e-07      0.003922543609321961
0.4  0.42       6.9308092992525e-07      0.004272849982368603
0.42  0.44       4.406689833968281e-07      0.002716728128907835
0.44  0.46       8.816310249851879e-08      0.0005435262964124346
0.46  0.48       0.0      0.0
0.48  0.5       0.0      0.0
0.5  0.52       0.0      0.0
0.52  0.54       0.0      0.0
0.54  0.56       0.0      0.0
