#o/p  it       t_pb[ms]       level        ejecta_mass[M]
#77  256000  111.98029557297907  6     0.0046396242601395195
#  ye_bin          ye_bin_mass           ye_bin_mass/total_mass
0.0  0.02       0.0      0.0
0.02  0.04       0.0      0.0
0.04  0.06       0.0      0.0
0.06  0.08       0.0      0.0
0.08  0.1       8.23985310491209e-05      0.01775974226125007
0.1  0.12       0.00024693144897642335      0.053222294550420726
0.12  0.14       0.0003757313603449661      0.08098314416815885
0.14  0.16       0.000548141094214206      0.11814342357924534
0.16  0.18       0.0006366385322747107      0.13721769190325903
0.18  0.2       0.0005499886653180271      0.1185416392536684
0.2  0.22       0.000361548149701862      0.07792617018753795
0.22  0.24       0.00023829310937759267      0.05136043265935222
0.24  0.26       0.00018744845804577538      0.04040164624023639
0.26  0.28       0.00016370549320134748      0.03528421355319507
0.28  0.3       0.00013604558241969654      0.02932254311809411
0.3  0.32       0.00010601303926890707      0.02284948808887363
0.32  0.34       9.267701232022773e-05      0.0199751115874717
0.34  0.36       9.898661591352301e-05      0.021335050073763163
0.36  0.38       0.00010988808204679568      0.02368469425226499
0.38  0.4       0.0001248863759010705      0.02691734694423617
0.4  0.42       0.0001440199564243931      0.031041297387315207
0.42  0.44       0.00012587724177812474      0.0271309129188706
0.44  0.46       0.00013793120114548416      0.029728959375114654
0.46  0.48       0.00016760673781543754      0.03612506712136154
0.48  0.5       4.867572601852287e-06      0.0010491307763154753
0.5  0.52       0.0      0.0
0.52  0.54       0.0      0.0
0.54  0.56       0.0      0.0
