#o/p  it       t_pb[ms]       level        ejecta_mass[M]
#78  257000  112.47290641044617  6     0.004688368987531654
#  ye_bin          ye_bin_mass           ye_bin_mass/total_mass
0.0  0.02       0.0      0.0
0.02  0.04       0.0      0.0
0.04  0.06       0.0      0.0
0.06  0.08       0.0      0.0
0.08  0.1       7.961081373481539e-05      0.016980492351718487
0.1  0.12       0.0002449932785943353      0.052255545424405705
0.12  0.14       0.00037476353012463377      0.07993473447190008
0.14  0.16       0.0005421655218675218      0.11564054009173938
0.16  0.18       0.0006578792539311636      0.1403215607988069
0.18  0.2       0.0005524165295240176      0.11782701638738881
0.2  0.22       0.0003641681748234549      0.07767481096132393
0.22  0.24       0.00024013505315222512      0.05121931609710014
0.24  0.26       0.00018809549748590194      0.04011960193110377
0.26  0.28       0.00016375472283232384      0.03492786580318583
0.28  0.3       0.00013730276718197407      0.02928582787470865
0.3  0.32       0.00010618294124493985      0.022648162191867785
0.32  0.34       9.712205052560953e-05      0.020715530450759728
0.34  0.36       0.00010750299417926941      0.022929721287971386
0.36  0.38       0.00011704616072065089      0.024965219467991084
0.38  0.4       0.00012863337708510727      0.02743670078596577
0.4  0.42       0.0001379351250345278      0.029420705879028577
0.42  0.44       0.00012739215404050002      0.02717195561596994
0.44  0.46       0.000141208464231833      0.03011888880917132
0.46  0.48       0.00017365299623884042      0.03703910607306225
0.48  0.5       6.370358417790495e-06      0.00135875790381089
0.5  0.52       3.722256022693632e-08      7.939341021563527e-06
0.52  0.54       0.0      0.0
0.54  0.56       0.0      0.0
