#o/p  it       t_pb[ms]       level        ejecta_mass[M]
#89  271000  119.36945813498554  6     0.004980090178343914
#  ye_bin          ye_bin_mass           ye_bin_mass/total_mass
0.0  0.02       0.0      0.0
0.02  0.04       0.0      0.0
0.04  0.06       0.0      0.0
0.06  0.08       0.0      0.0
0.08  0.1       3.7332107766638205e-05      0.007496271438814121
0.1  0.12       0.00024909572148797414      0.05001831544560681
0.12  0.14       0.00026440971664190566      0.05309335919090381
0.14  0.16       0.00044836829803926903      0.09003216447545737
0.16  0.18       0.0008355198433952945      0.16777203092196605
0.18  0.2       0.0007168029921354997      0.1439337374356274
0.2  0.22       0.0004587398480507019      0.09211476732801892
0.22  0.24       0.00027901402264414324      0.05602589765491495
0.24  0.26       0.0002011975701003678      0.04040038691975541
0.26  0.28       0.00015371080919168964      0.030865065427952722
0.28  0.3       0.00012528302064722667      0.025156777520219217
0.3  0.32       0.00010394166302732732      0.020871441942822856
0.32  0.34       9.59092250831221e-05      0.01925853180333692
0.34  0.36       8.897600659882711e-05      0.01786634446615891
0.36  0.38       9.240099306584983e-05      0.0185540802991196
0.38  0.4       0.00011726516264503825      0.023546795026919327
0.4  0.42       0.00013969111991369334      0.028049917754731587
0.42  0.44       0.00014264558888786344      0.028643173874272898
0.44  0.46       0.00016270603056015254      0.03267130207153378
0.46  0.48       0.00025261138800245983      0.050724259793717946
0.48  0.5       1.4469050458858984e-05      0.0029053792081472998
0.5  0.52       0.0      0.0
0.52  0.54       0.0      0.0
0.54  0.56       0.0      0.0
