#o/p  it       t_pb[ms]       level        ejecta_mass[M]
#58  213000  90.79802956189388  6     0.0022181866532004664
#  ye_bin          ye_bin_mass           ye_bin_mass/total_mass
0.0  0.02       0.0      0.0
0.02  0.04       0.0      0.0
0.04  0.06       0.0      0.0
0.06  0.08       0.0      0.0
0.08  0.1       5.3572881499966365e-05      0.02415165622905079
0.1  0.12       0.00018767220125340346      0.08460613581937497
0.12  0.14       0.0002552831030198533      0.11508639394774248
0.14  0.16       0.0003245527956120148      0.1463144659822654
0.16  0.18       0.00023839239047507795      0.10747174505405947
0.18  0.2       0.00022264345525685954      0.10037183071840364
0.2  0.22       0.00015933757699723925      0.07183235764553096
0.22  0.24       0.00011825059346217532      0.05330957757389794
0.24  0.26       0.00010211107537168876      0.046033581179636004
0.26  0.28       0.00010816451487576457      0.04876258484366117
0.28  0.3       9.231776536254448e-05      0.04161857399572107
0.3  0.32       7.50211017159384e-05      0.03382091475832104
0.32  0.34       6.14101786905877e-05      0.027684856277528876
0.34  0.36       6.226660120012854e-05      0.028070947550914355
0.36  0.38       5.885335623793545e-05      0.026532192930211737
0.38  0.4       4.576481985787434e-05      0.020631636112246676
0.4  0.42       2.850407563634851e-05      0.01285017002298791
0.42  0.44       1.2129268898762491e-05      0.005468101109192961
0.44  0.46       9.116913549251228e-06      0.004110075018302482
0.46  0.48       2.821984227048352e-06      0.0012722032309484452
0.48  0.5       0.0      0.0
0.5  0.52       0.0      0.0
0.52  0.54       0.0      0.0
0.54  0.56       0.0      0.0
