#o/p  it       t_pb[ms]       level        ejecta_mass[M]
#55  203000  85.87192118722291  6     0.0017640839136922359
#  ye_bin          ye_bin_mass           ye_bin_mass/total_mass
0.0  0.02       0.0      0.0
0.02  0.04       0.0      0.0
0.04  0.06       0.0      0.0
0.06  0.08       4.8342666264956565e-09      2.7403836002208726e-06
0.08  0.1       5.884816602207746e-05      0.03335905144042041
0.1  0.12       0.00016404846924554398      0.0929935747229789
0.12  0.14       0.0002799215144191408      0.15867811743335028
0.14  0.16       0.0002764488290716672      0.1567095685902257
0.16  0.18       0.00020424267690625619      0.11577832285697527
0.18  0.2       0.0001713823901895397      0.09715092851271205
0.2  0.22       0.00011220732488478622      0.06360656883375562
0.22  0.24       7.458408901319894e-05      0.04227921837181435
0.24  0.26       5.400886512005939e-05      0.030615814078264896
0.26  0.28       4.951973454012699e-05      0.028071076526332558
0.28  0.3       5.248459710017464e-05      0.029751757664590983
0.3  0.32       5.548902696750294e-05      0.03145486818218536
0.32  0.34       4.836789899858156e-05      0.027418139592547682
0.34  0.36       4.491457955255765e-05      0.025460568629386355
0.36  0.38       3.983792619692915e-05      0.022582784122524072
0.38  0.4       3.1243418957442576e-05      0.017710846244297956
0.4  0.42       2.2723914077977456e-05      0.012881424688248643
0.42  0.44       1.4340958080184363e-05      0.008129408113114455
0.44  0.46       6.820383359974328e-06      0.0038662465583619737
0.46  0.48       2.6443167218863258e-06      0.001498974454311393
0.48  0.5       0.0      0.0
0.5  0.52       0.0      0.0
0.52  0.54       0.0      0.0
0.54  0.56       0.0      0.0
