#o/p  it       t_pb[ms]       level        ejecta_mass[M]
#73  249000  108.53201971070939  6     0.004325872788523435
#  ye_bin          ye_bin_mass           ye_bin_mass/total_mass
0.0  0.02       0.0      0.0
0.02  0.04       0.0      0.0
0.04  0.06       0.0      0.0
0.06  0.08       5.35852936200813e-07      0.0001238716352506791
0.08  0.1       7.661857172488887e-05      0.017711702463410015
0.1  0.12       0.00022597597020359382      0.052238237518937074
0.12  0.14       0.0004192671183234477      0.09692081547930992
0.14  0.16       0.0005395346771326554      0.12472273307806092
0.16  0.18       0.0005906771727845566      0.13654520178023416
0.18  0.2       0.0005012449155314389      0.11587139521560703
0.2  0.22       0.000321936120278519      0.07442107893986559
0.22  0.24       0.00021710137268161474      0.05018672145366501
0.24  0.26       0.00019438557523825174      0.0449355736382165
0.26  0.28       0.00019014594611028375      0.04395551034573694
0.28  0.3       0.00014306101091227585      0.0330710166262442
0.3  0.32       0.000105808691019912      0.02445950128275225
0.32  0.34       8.484982830756011e-05      0.019614499190236754
0.34  0.36       8.04715510220894e-05      0.01860238498819958
0.36  0.38       9.313143430575488e-05      0.021528935051634692
0.38  0.4       0.00011420738031004454      0.026401002963618664
0.4  0.42       0.00012557068988246022      0.029027827682681744
0.42  0.44       0.00010423758268563134      0.024096312531929797
0.44  0.46       9.69258053313192e-05      0.022406069265019514
0.46  0.48       9.999541120494792e-05      0.02311566153083288
0.48  0.5       1.901105960006614e-07      4.394733855905932e-05
0.5  0.52       0.0      0.0
0.52  0.54       0.0      0.0
0.54  0.56       0.0      0.0
