#o/p  it       t_pb[ms]       level        ejecta_mass[M]
#9  337000  151.88177340781397  5     0.006625963629535795
#  ye_bin          ye_bin_mass           ye_bin_mass/total_mass
0.0  0.02       0.0      0.0
0.02  0.04       0.0      0.0
0.04  0.06       0.0      0.0
0.06  0.08       0.0      0.0
0.08  0.1       0.0      0.0
0.1  0.12       1.0801227665834832e-05      0.0016301368781572302
0.12  0.14       0.0001209636342410222      0.01825600637193608
0.14  0.16       0.00037193703088671677      0.05613327384243039
0.16  0.18       0.0009580350462351345      0.14458803274509566
0.18  0.2       0.001247015550600721      0.18820138780147289
0.2  0.22       0.0010074211687715333      0.1520414576803392
0.22  0.24       0.0005803030702641132      0.08758017742164521
0.24  0.26       0.0002974661753146103      0.04489402477077139
0.26  0.28       0.00024542177249005533      0.03703940833542565
0.28  0.3       0.00021311750232733782      0.03216400122954923
0.3  0.32       0.00017747500510950344      0.02678478407554088
0.32  0.34       0.00015750896094624656      0.0237714798560223
0.34  0.36       0.00013393555421967204      0.020213747268796184
0.36  0.38       0.00011267459894578976      0.017005013194387783
0.38  0.4       0.00011359531128739991      0.017143968430650473
0.4  0.42       0.00012390985872039686      0.018700654825217895
0.42  0.44       0.00014777409315104226      0.022302279549547586
0.44  0.46       0.0001678330676033523      0.025329608942497382
0.46  0.48       0.00019472700638172125      0.029388481022399382
0.48  0.5       0.00024385061505864588      0.03680228698685593
0.5  0.52       1.4253019094267678e-07      2.151086225516487e-05
0.52  0.54       5.484912400043584e-08      8.277909005709179e-06
0.54  0.56       0.0      0.0
