#o/p  it       t_pb[ms]       level        ejecta_mass[M]
#31  392000  178.9753694685043  5     0.007753089982511002
#  ye_bin          ye_bin_mass           ye_bin_mass/total_mass
0.0  0.02       0.0      0.0
0.02  0.04       0.0      0.0
0.04  0.06       0.0      0.0
0.06  0.08       0.0      0.0
0.08  0.1       0.0      0.0
0.1  0.12       8.763665798841003e-07      0.00011303449100435572
0.12  0.14       3.368919001866925e-05      0.004345259773156702
0.14  0.16       0.0002191825842764009      0.02827035217839868
0.16  0.18       0.0007658106364693218      0.09877489339047989
0.18  0.2       0.0011988297546780898      0.15462605972358695
0.2  0.22       0.0010565639633101785      0.13627649952386958
0.22  0.24       0.0006987743950835477      0.0901285031722584
0.24  0.26       0.0006317675254063707      0.08148590134146225
0.26  0.28       0.0005735006878514396      0.07397059612942855
0.28  0.3       0.0003654353969433846      0.04713416170426422
0.3  0.32       0.0002691831650353618      0.03471946870764695
0.32  0.34       0.00022182752581501286      0.028611498939829064
0.34  0.36       0.0002036068330873504      0.02626137882400896
0.36  0.38       0.00017793367540609996      0.022950033574674494
0.38  0.4       0.00017388843202676346      0.022428274716146918
0.4  0.42       0.0001887022712142218      0.024338976026318036
0.42  0.44       0.0001896743564153567      0.024464356384772238
0.44  0.46       0.0001702137659800296      0.021954313230465344
0.46  0.48       0.000186405626601645      0.024042752892347266
0.48  0.5       0.00042697173315163137      0.05507116957429502
0.5  0.52       2.5209716026588894e-07      3.251570158924455e-05
0.52  0.54       0.0      0.0
0.54  0.56       0.0      0.0
