#o/p  it       t_pb[ms]       level        ejecta_mass[M]
#42  411000  188.33497538037915  5     0.008138340390631427
#  ye_bin          ye_bin_mass           ye_bin_mass/total_mass
0.0  0.02       0.0      0.0
0.02  0.04       0.0      0.0
0.04  0.06       0.0      0.0
0.06  0.08       0.0      0.0
0.08  0.1       0.0      0.0
0.1  0.12       1.4745795591948432e-08      1.811892214403231e-06
0.12  0.14       2.3503638300381096e-05      0.00288801367013816
0.14  0.16       0.0001810591126925399      0.022247670163927872
0.16  0.18       0.0006906595244897335      0.08486490996183897
0.18  0.2       0.0011810768736563316      0.14512502758129237
0.2  0.22       0.001041087809650513      0.12792384683847544
0.22  0.24       0.0007032380942913952      0.08641050392791856
0.24  0.26       0.0006760590497292512      0.08307087407003849
0.26  0.28       0.0007510537454738347      0.09228586043641299
0.28  0.3       0.0005370139409707486      0.0659856819934615
0.3  0.32       0.00033256182998597826      0.04086359306976295
0.32  0.34       0.0002929057000621275      0.035990839164126175
0.34  0.36       0.0002320143323365617      0.028508801696676203
0.36  0.38       0.000212049796965173      0.026055655918407798
0.38  0.4       0.00019140145654274868      0.023518487474803014
0.4  0.42       0.00017757855440484862      0.021819995955105396
0.42  0.44       0.0001527294481107576      0.01876665766973502
0.44  0.46       0.0001520642171007513      0.018684917292941236
0.46  0.48       0.00019090941539202954      0.023458027832283568
0.48  0.5       0.00041888338714020606      0.05147036951445407
0.5  0.52       1.6430150768314488e-07      2.018857651521716e-05
0.52  0.54       8.05171771411727e-08      9.89356223461251e-06
0.54  0.56       2.3089885506447087e-07      2.837173723161955e-05
