#o/p  it       t_pb[ms]       level        ejecta_mass[M]
#56  206000  87.3497536996242  6     0.00196319982452513
#  ye_bin          ye_bin_mass           ye_bin_mass/total_mass
0.0  0.02       0.0      0.0
0.02  0.04       0.0      0.0
0.04  0.06       0.0      0.0
0.06  0.08       0.0      0.0
0.08  0.1       8.196514798626558e-05      0.04175079223333354
0.1  0.12       0.0001703816859338227      0.08678774509112214
0.12  0.14       0.00029271365852396      0.14910028763616218
0.14  0.16       0.0002986100045150299      0.15210372412663564
0.16  0.18       0.00022570698818548062      0.11496893253852847
0.18  0.2       0.00017874536123123276      0.09104797127539918
0.2  0.22       0.0001233200386428865      0.06281583621917644
0.22  0.24       8.578384181332855e-05      0.04369592984966695
0.24  0.26       7.093956482028407e-05      0.03613466338682224
0.26  0.28       6.625496090059713e-05      0.03374845498298843
0.28  0.3       6.591385524804684e-05      0.033574705144439616
0.3  0.32       6.26739155839067e-05      0.03192436898218785
0.32  0.34       5.7296199649897466e-05      0.029185108379762917
0.34  0.36       5.018207345691562e-05      0.02556136814501496
0.36  0.38       4.519442830900513e-05      0.02302079887356195
0.38  0.4       3.60943332707311e-05      0.018385460725813686
0.4  0.42       2.6402542727210862e-05      0.013448729160108426
0.42  0.44       1.3224616072790606e-05      0.006736255732902508
0.44  0.46       8.670596864084238e-06      0.0044165635895885074
0.46  0.48       3.126010789654777e-06      0.0015923039267848927
0.48  0.5       0.0      0.0
0.5  0.52       0.0      0.0
0.52  0.54       0.0      0.0
0.54  0.56       0.0      0.0
