#o/p  it       t_pb[ms]       level        ejecta_mass[M]
#90  272000  119.86206897245263  6     0.005060953332623789
#  ye_bin          ye_bin_mass           ye_bin_mass/total_mass
0.0  0.02       0.0      0.0
0.02  0.04       0.0      0.0
0.04  0.06       0.0      0.0
0.06  0.08       0.0      0.0
0.08  0.1       3.4676670126611636e-05      0.006851805943967072
0.1  0.12       0.0002529152302374786      0.049973831729912
0.12  0.14       0.00026432733716975573      0.05222876398915903
0.14  0.16       0.0004403912722159866      0.08701745368350812
0.16  0.18       0.000847779296232987      0.1675137549220329
0.18  0.2       0.0007393393030666868      0.14608696316181707
0.2  0.22       0.0004670841238303793      0.09229172709802984
0.22  0.24       0.00028338962582525175      0.05599530507394185
0.24  0.26       0.00020725568944917355      0.040951906849874944
0.26  0.28       0.00015374264850659335      0.030378199205185592
0.28  0.3       0.00012568410675751723      0.02483407739552458
0.3  0.32       0.00010233366347915519      0.020220234559266637
0.32  0.34       9.402910083062245e-05      0.018579325801029313
0.34  0.36       8.800830384225846e-05      0.017389669111339472
0.36  0.38       9.58207021307994e-05      0.018933330507737035
0.38  0.4       0.00012129558965454233      0.023966944898039223
0.4  0.42       0.00014399451647517943      0.02845205379527324
0.42  0.44       0.00014168277620926146      0.027995274189933653
0.44  0.46       0.00016981138945021052      0.03355324151194532
0.46  0.48       0.0002689147000540592      0.0531351866693945
0.48  0.5       1.8477287079279422e-05      0.0036509499030887333
0.5  0.52       0.0      0.0
0.52  0.54       0.0      0.0
0.54  0.56       0.0      0.0
