130.527093604  1.875
130.551724145  1.875
130.576354687  1.875
130.600985229  1.875
130.625615771  1.875
130.650246313  1.875
130.674876855  1.875
130.699507397  1.875
130.724137939  1.875
130.74876848  2.125
130.773399022  2.125
130.798029564  2.125
130.822660106  2.125
130.847290648  2.125
130.87192119  2.125
130.896551732  2.125
130.921182274  2.125
130.945812815  2.125
130.970443357  2.125
130.995073899  2.125
131.019704441  2.125
131.044334983  2.125
131.068965525  2.125
131.093596067  2.125
131.118226609  2.125
131.14285715  2.125
131.167487692  2.125
131.192118234  2.125
131.216748776  2.125
131.241379318  2.125
131.26600986  2.125
131.290640402  2.125
131.315270944  2.125
131.339901485  2.125
131.364532027  2.125
131.389162569  2.125
131.413793111  2.125
131.438423653  2.375
131.463054195  2.375
131.487684737  2.375
131.512315279  2.375
131.53694582  2.375
131.561576362  2.375
131.586206904  2.375
131.610837446  2.375
131.635467988  2.375
131.66009853  2.375
131.684729072  2.375
131.709359614  2.375
131.733990155  2.375
131.758620697  2.375
131.783251239  2.375
131.807881781  2.375
131.832512323  2.375
131.857142865  2.375
131.881773407  2.375
131.906403949  2.375
131.93103449  2.375
131.955665032  2.375
131.980295574  2.375
132.004926116  2.375
132.029556658  2.375
132.0541872  2.375
132.078817742  2.375
132.103448284  2.375
132.128078825  2.375
132.152709367  2.625
132.177339909  2.625
132.201970451  2.625
132.226600993  2.625
132.251231535  2.625
132.275862077  2.625
132.300492618  2.625
132.32512316  2.625
132.349753702  2.625
132.374384244  2.625
132.399014786  2.625
132.423645328  2.625
132.44827587  2.625
132.472906412  2.625
132.497536953  2.625
132.522167495  2.625
132.546798037  2.625
132.571428579  2.625
132.596059121  2.625
132.620689663  2.625
132.645320205  2.625
132.669950747  2.625
132.694581288  2.625
132.71921183  2.625
132.743842372  2.625
132.768472914  2.625
132.793103456  2.625
132.817733998  2.625
132.84236454  2.625
132.866995082  2.625
132.891625623  2.625
132.916256165  2.625
132.940886707  2.625
132.965517249  2.875
132.990147791  2.875
133.014778333  2.875
133.039408875  2.875
133.064039417  2.875
133.088669958  2.875
133.1133005  2.875
133.137931042  2.875
133.162561584  2.875
133.187192126  2.875
133.211822668  2.875
133.23645321  2.875
133.261083752  2.875
133.285714293  2.875
133.310344835  2.875
133.359605919  2.875
133.408867003  2.875
133.458128087  2.875
133.50738917  2.875
133.556650254  2.875
133.605911338  2.875
133.655172422  2.875
133.704433505  2.875
133.753694589  2.875
133.802955673  2.875
133.852216757  2.875
133.90147784  2.875
133.950738924  2.875
134.000000008  3.125
134.049261092  3.125
134.098522175  3.125
134.147783259  3.125
134.197044343  3.125
134.246305426  3.125
134.29556651  3.125
134.344827594  3.125
134.394088678  3.125
134.443349761  3.125
134.492610845  3.125
134.541871929  3.125
134.591133013  3.125
134.640394096  3.375
134.68965518  3.375
134.738916264  3.375
134.788177348  3.375
134.837438431  3.375
134.886699515  3.375
134.935960599  3.375
134.985221683  3.375
135.034482766  3.375
135.08374385  3.375
135.08374385  3.375
135.133004934  3.375
135.182266018  3.375
135.231527101  3.375
135.280788185  3.375
135.330049269  3.625
135.379310353  3.625
135.428571436  3.625
135.47783252  3.625
135.527093604  3.625
135.576354688  3.625
135.625615771  3.625
135.674876855  3.625
135.724137939  3.625
135.773399023  3.625
135.822660106  3.625
135.87192119  3.625
135.921182274  3.625
135.970443358  3.625
136.019704441  3.625
136.068965525  3.875
136.118226609  3.875
136.167487693  3.875
136.216748776  3.875
136.26600986  3.875
136.315270944  3.875
136.364532028  3.875
136.413793111  3.875
136.463054195  3.875
136.512315279  3.875
136.561576363  3.875
136.610837446  3.875
136.66009853  3.875
136.709359614  3.875
136.758620698  3.875
136.807881781  3.875
136.857142865  4.125
136.906403949  4.125
136.955665033  4.125
137.004926116  4.125
137.0541872  4.125
137.0541872  4.125
137.103448284  4.125
137.152709368  4.125
137.201970451  4.125
137.251231535  4.125
137.300492619  4.125
137.349753703  4.125
137.399014786  4.125
137.44827587  4.125
137.497536954  4.375
137.546798038  4.375
137.596059121  4.375
137.645320205  4.375
137.694581289  4.375
137.743842373  4.375
137.793103456  4.375
137.84236454  4.375
137.891625624  4.375
137.940886707  4.375
137.990147791  4.375
138.039408875  4.625
138.088669959  4.625
138.137931042  4.625
138.187192126  4.625
138.23645321  4.625
138.285714294  4.625
138.334975377  4.625
138.384236461  4.625
138.433497545  4.625
138.482758629  4.625
138.532019712  4.625
138.581280796  4.625
138.63054188  4.625
138.679802964  4.625
138.729064047  4.625
138.778325131  4.625
138.827586215  4.875
138.876847299  4.875
138.926108382  4.875
138.975369466  4.875
139.02463055  4.875
139.073891634  4.875
139.123152717  4.875
139.172413801  4.875
139.221674885  4.875
139.270935969  5.125
139.320197052  5.125
139.369458136  5.125
139.41871922  5.125
139.467980304  5.125
139.517241387  5.125
139.566502471  5.125
139.615763555  5.125
139.665024639  5.125
139.714285722  5.125
139.763546806  5.125
139.81280789  5.125
139.862068974  5.125
139.911330057  5.375
139.960591141  5.375
140.009852225  5.375
140.059113309  5.375
140.108374392  5.375
140.157635476  5.375
140.20689656  5.375
140.256157644  5.375
140.305418727  5.375
140.354679811  5.375
140.403940895  5.375
140.453201979  5.375
140.502463062  5.375
140.551724146  5.625
140.60098523  5.625
140.650246314  5.625
140.699507397  5.625
140.748768481  5.625
140.798029565  5.625
140.847290649  5.625
140.896551732  5.625
140.945812816  5.625
140.9950739  5.625
141.044334984  5.625
141.093596067  5.875
141.142857151  5.875
141.192118235  5.875
141.241379319  5.875
141.290640402  5.875
141.339901486  5.875
141.38916257  5.875
141.438423654  5.875
141.487684737  5.875
141.536945821  5.875
141.586206905  6.125
141.635467988  6.125
141.684729072  6.125
141.733990156  6.125
141.78325124  6.125
141.832512323  6.125
141.881773407  6.125
141.931034491  6.125
141.980295575  6.125
142.029556658  6.125
142.078817742  6.375
142.128078826  6.375
142.17733991  6.375
142.226600993  6.375
142.275862077  6.375
142.325123161  6.375
142.374384245  6.375
142.423645328  6.375
142.472906412  6.375
142.522167496  6.375
142.57142858  6.625
142.620689663  6.625
142.669950747  6.625
142.719211831  6.625
142.768472915  6.625
142.817733998  6.625
142.866995082  6.625
142.916256166  6.625
142.96551725  6.625
143.014778333  6.875
143.064039417  6.875
143.113300501  6.875
143.162561585  6.875
143.211822668  6.875
143.261083752  6.875
143.310344836  6.875
143.35960592  6.875
143.408867003  6.875
143.458128087  6.875
143.507389171  6.875
143.556650255  7.125
143.605911338  7.125
143.655172422  7.125
143.704433506  7.125
143.75369459  7.125
143.802955673  7.125
143.852216757  7.125
143.901477841  7.125
143.950738925  7.125
144.000000008  7.375
144.049261092  7.375
144.098522176  7.375
144.14778326  7.375
144.197044343  7.375
144.246305427  7.375
144.295566511  7.375
144.344827595  7.375
144.394088678  7.375
144.443349762  7.375
144.492610846  7.625
144.54187193  7.625
144.591133013  7.625
144.640394097  7.625
144.689655181  7.625
144.738916265  7.625
144.788177348  7.625
144.837438432  7.625
144.886699516  7.625
144.9359606  7.875
144.985221683  7.875
145.034482767  7.875
145.083743851  7.875
145.133004935  7.875
145.182266018  7.875
145.231527102  7.875
145.280788186  7.875
145.33004927  7.875
145.379310353  8.125
145.428571437  8.125
145.477832521  8.125
145.527093604  8.125
145.576354688  8.125
145.625615772  8.125
145.674876856  8.125
145.724137939  8.125
145.773399023  8.375
145.822660107  8.375
145.871921191  8.375
145.921182274  8.375
145.970443358  8.375
146.019704442  8.375
146.068965526  8.375
146.118226609  8.375
146.167487693  8.625
146.216748777  8.625
146.266009861  8.625
146.315270944  8.625
146.364532028  8.625
146.413793112  8.625
146.463054196  8.625
146.512315279  8.875
146.561576363  8.875
146.610837447  8.875
146.660098531  8.875
146.709359614  8.875
146.758620698  8.875
146.807881782  8.875
146.857142866  8.875
146.906403949  9.125
146.955665033  9.125
147.004926117  9.125
147.054187201  9.125
147.103448284  9.125
147.152709368  9.125
147.201970452  9.125
147.251231536  9.125
147.300492619  9.375
147.349753703  9.375
147.399014787  9.375
147.448275871  9.375
147.497536954  9.375
147.546798038  9.375
147.596059122  9.375
147.645320206  9.375
147.694581289  9.625
147.743842373  9.625
147.793103457  9.625
147.842364541  9.625
147.891625624  9.625
147.940886708  9.625
147.990147792  9.875
148.039408876  9.875
148.088669959  9.875
148.137931043  9.875
148.187192127  9.875
148.236453211  9.875
148.285714294  9.875
148.334975378  10.125
148.384236462  10.125
148.433497546  10.125
148.482758629  10.125
148.532019713  10.125
148.581280797  10.125
148.630541881  10.375
148.679802964  10.375
148.729064048  10.375
148.778325132  10.375
148.827586216  10.375
148.876847299  10.375
148.926108383  10.625
148.975369467  10.625
149.024630551  10.625
149.073891634  10.625
149.123152718  10.625
149.172413802  10.875
149.221674885  10.875
149.270935969  10.875
149.320197053  10.875
149.369458137  10.875
149.41871922  11.125
149.467980304  11.125
149.517241388  11.125
149.566502472  11.125
149.615763555  11.125
149.665024639  11.375
149.714285723  11.375
149.763546807  11.375
149.81280789  11.375
149.862068974  11.625
149.911330058  11.625
149.960591142  11.625
150.009852225  11.625
150.059113309  11.875
150.108374393  11.875
150.157635477  11.875
150.20689656  11.875
150.256157644  12.125
150.305418728  12.125
150.354679812  12.125
150.403940895  12.125
150.453201979  12.375
150.502463063  12.375
150.551724147  12.375
150.60098523  12.375
150.650246314  12.625
150.699507398  12.625
150.748768482  12.625
150.798029565  12.625
150.847290649  12.875
150.896551733  12.875
150.945812817  12.875
150.9950739  12.875
151.044334984  13.125
151.093596068  13.125
151.142857152  13.125
151.192118235  13.125
151.241379319  13.375
151.290640403  13.375
151.339901487  13.375
151.38916257  13.375
151.438423654  13.625
151.487684738  13.625
151.536945822  13.625
151.586206905  13.625
151.635467989  13.625
151.684729073  13.875
151.733990157  13.875
151.78325124  13.875
151.832512324  14.25
151.881773408  14.25
151.931034492  14.25
151.980295575  14.25
152.029556659  14.25
152.078817743  14.25
152.128078827  14.25
152.17733991  14.75
152.226600994  14.75
152.275862078  14.75
152.325123162  14.75
152.374384245  15.25
152.423645329  15.25
152.472906413  15.25
152.522167497  15.25
152.57142858  15.25
152.620689664  15.25
152.669950748  15.75
152.719211832  15.75
152.768472915  15.75
152.817733999  15.75
152.866995083  15.75
152.916256166  16.25
152.96551725  16.25
153.014778334  16.25
153.064039418  16.25
153.113300501  16.25
153.162561585  16.75
153.211822669  16.75
153.261083753  16.75
153.310344836  16.75
153.35960592  16.75
153.408867004  17.25
153.458128088  17.25
153.507389171  17.25
153.556650255  17.25
153.605911339  17.75
153.655172423  17.75
153.704433506  17.75
153.75369459  17.75
153.802955674  18.25
153.852216758  18.25
153.901477841  18.25
153.950738925  18.25
154.000000009  18.75
154.049261093  18.75
154.098522176  18.75
154.14778326  19.25
154.197044344  19.25
154.246305428  19.25
154.295566511  19.25
154.344827595  19.25
154.394088679  19.75
154.443349763  19.75
154.492610846  20.5
154.54187193  20.5
154.591133014  20.5
154.640394098  20.5
154.689655181  20.5
154.738916265  20.5
154.788177349  20.5
154.837438433  20.5
154.886699516  21.5
154.9359606  21.5
154.985221684  21.5
155.034482768  21.5
155.083743851  21.5
155.133004935  22.5
155.182266019  22.5
155.231527103  22.5
155.280788186  22.5
155.33004927  22.5
155.379310354  22.5
155.428571438  23.5
155.477832521  23.5
155.527093605  23.5
155.576354689  23.5
